82 171 262 355 448 544 641 741 842
82 171 262 355 448 544 641 742 842
82 172 262 355 448 544 642 742 842
82 172 262 355 448 544 642 742 842
82 172 262 355 449 545 642 742 842
82 172 262 355 449 545 642 742 842
82 172 262 355 449 545 642 742 843
82 172 262 355 449 545 642 742 843
83 172 262 355 449 545 642 742 843
83 172 262 355 449 545 642 742 843
83 172 263 356 449 545 642 742 843
83 172 263 356 449 545 642 742 843
83 173 263 356 449 545 643 743 843
83 173 263 356 449 545 643 743 843
83 173 263 356 450 546 643 743 843
83 173 263 356 450 546 643 743 843
83 173 263 356 450 546 643 743 844
83 173 263 356 450 546 643 743 844
84 173 263 356 450 546 643 743 844
84 173 263 356 450 546 643 743 844
84 173 264 356 450 546 643 743 844
84 173 264 357 450 546 643 743 844
84 174 264 357 450 546 643 744 844
84 174 264 357 450 546 644 744 844
84 174 264 357 451 546 644 744 844
84 174 264 357 451 547 644 744 844
84 174 264 357 451 547 644 744 845
84 174 264 357 451 547 644 744 845
85 174 264 357 451 547 644 744 845
85 174 264 357 451 547 644 744 845
85 174 264 357 451 547 644 744 845
85 174 265 358 451 547 644 744 845
85 175 265 358 451 547 644 745 845
85 175 265 358 451 547 645 745 845
85 175 265 358 451 547 645 745 845
85 175 265 358 452 548 645 745 845
85 175 265 358 452 548 645 745 846
85 175 265 358 452 548 645 745 846
86 175 265 358 452 548 645 745 846
86 175 265 358 452 548 645 745 846
86 175 265 358 452 548 645 745 846
86 175 266 359 452 548 645 745 846
86 175 266 359 452 548 645 746 846
86 176 266 359 452 548 646 746 846
86 176 266 359 452 548 646 746 846
86 176 266 359 453 549 646 746 846
86 176 266 359 453 549 646 746 847
86 176 266 359 453 549 646 746 847
86 176 266 359 453 549 646 746 847
87 176 266 359 453 549 646 746 847
87 176 266 359 453 549 646 746 847
87 176 267 359 453 549 646 746 847
87 176 267 360 453 549 646 746 847
87 177 267 360 453 549 647 747 847
87 177 267 360 453 549 647 747 847
87 177 267 360 454 550 647 747 847
87 177 267 360 454 550 647 747 848
87 177 267 360 454 550 647 747 848
87 177 267 360 454 550 647 747 848
88 177 267 360 454 550 647 747 848
88 177 267 360 454 550 647 747 848
88 177 268 360 454 550 647 747 848
88 177 268 361 454 550 647 747 848
88 178 268 361 454 550 648 748 848
88 178 268 361 454 550 648 748 848
88 178 268 361 455 551 648 748 848
88 178 268 361 455 551 648 748 849
88 178 268 361 455 551 648 748 849
88 178 268 361 455 551 648 748 849
89 178 268 361 455 551 648 748 849
89 178 268 361 455 551 648 748 849
89 178 269 361 455 551 648 748 849
89 178 269 362 455 551 648 748 849
89 178 269 362 455 551 649 749 849
89 179 269 362 455 551 649 749 849
89 179 269 362 455 551 649 749 849
89 179 269 362 456 552 649 749 850
89 179 269 362 456 552 649 749 850
89 179 269 362 456 552 649 749 850
90 179 269 362 456 552 649 749 850
90 179 269 362 456 552 649 749 850
90 179 270 362 456 552 649 749 850
90 179 270 363 456 552 649 749 850
90 179 270 363 456 552 649 750 850
90 180 270 363 456 552 650 750 850
90 180 270 363 456 552 650 750 850
90 180 270 363 457 553 650 750 851
90 180 270 363 457 553 650 750 851
90 180 270 363 457 553 650 750 851
90 180 270 363 457 553 650 750 851
91 180 270 363 457 553 650 750 851
91 180 270 363 457 553 650 750 851
91 180 271 363 457 553 650 750 851
91 180 271 364 457 553 650 751 851
91 181 271 364 457 553 651 751 851
91 181 271 364 457 553 651 751 851
91 181 271 364 458 554 651 751 852
91 181 271 364 458 554 651 751 852
91 181 271 364 458 554 651 751 852
91 181 271 364 458 554 651 751 852
92 181 271 364 458 554 651 751 852
92 181 271 364 458 554 651 751 852
92 181 272 364 458 554 651 751 852
92 181 272 365 458 554 651 751 852
92 182 272 365 458 554 652 752 852
92 182 272 365 458 554 652 752 852
92 182 272 365 459 555 652 752 853
92 182 272 365 459 555 652 752 853
92 182 272 365 459 555 652 752 853
92 182 272 365 459 555 652 752 853
93 182 272 365 459 555 652 752 853
93 182 272 365 459 555 652 752 853
93 182 273 365 459 555 652 752 853
93 182 273 366 459 555 652 752 853
93 183 273 366 459 555 653 753 853
93 183 273 366 459 555 653 753 853
93 183 273 366 460 556 653 753 854
93 183 273 366 460 556 653 753 854
93 183 273 366 460 556 653 753 854
93 183 273 366 460 556 653 753 854
94 183 273 366 460 556 653 753 854
94 183 273 366 460 556 653 753 854
94 183 274 366 460 556 653 753 854
94 183 274 367 460 556 653 753 854
94 183 274 367 460 556 654 754 854
94 184 274 367 460 556 654 754 854
94 184 274 367 461 556 654 754 855
94 184 274 367 461 557 654 754 855
94 184 274 367 461 557 654 754 855
94 184 274 367 461 557 654 754 855
95 184 274 367 461 557 654 754 855
95 184 274 367 461 557 654 754 855
95 184 275 367 461 557 654 754 855
95 184 275 367 461 557 654 754 855
95 184 275 368 461 557 655 755 855
95 185 275 368 461 557 655 755 855
95 185 275 368 462 557 655 755 856
95 185 275 368 462 558 655 755 856
95 185 275 368 462 558 655 755 856
95 185 275 368 462 558 655 755 856
96 185 275 368 462 558 655 755 856
96 185 275 368 462 558 655 755 856
96 185 276 368 462 558 655 755 856
96 185 276 368 462 558 655 755 856
96 185 276 369 462 558 656 756 856
96 186 276 369 462 558 656 756 856
96 186 276 369 462 558 656 756 857
96 186 276 369 463 559 656 756 857
96 186 276 369 463 559 656 756 857
96 186 276 369 463 559 656 756 857
96 186 276 369 463 559 656 756 857
97 186 276 369 463 559 656 756 857
97 186 277 369 463 559 656 756 857
97 186 277 369 463 559 656 756 857
97 186 277 370 463 559 657 757 857
97 187 277 370 463 559 657 757 857
97 187 277 370 463 559 657 757 858
97 187 277 370 464 560 657 757 858
97 187 277 370 464 560 657 757 858
97 187 277 370 464 560 657 757 858
97 187 277 370 464 560 657 757 858
98 187 277 370 464 560 657 757 858
98 187 278 370 464 560 657 757 858
98 187 278 370 464 560 657 757 858
98 187 278 371 464 560 658 758 858
98 188 278 371 464 560 658 758 858
98 188 278 371 464 560 658 758 859
98 188 278 371 465 561 658 758 859
98 188 278 371 465 561 658 758 859
98 188 278 371 465 561 658 758 859
98 188 278 371 465 561 658 758 859
99 188 278 371 465 561 658 758 859
99 188 279 371 465 561 658 758 859
99 188 279 371 465 561 658 758 859
99 188 279 372 465 561 659 759 859
99 188 279 372 465 561 659 759 859
99 189 279 372 465 561 659 759 860
99 189 279 372 466 562 659 759 860
99 189 279 372 466 562 659 759 860
99 189 279 372 466 562 659 759 860
99 189 279 372 466 562 659 759 860
100 189 279 372 466 562 659 759 860
100 189 280 372 466 562 659 759 860
100 189 280 372 466 562 659 759 860
100 189 280 373 466 562 660 760 860
100 189 280 373 466 562 660 760 860
100 190 280 373 466 562 660 760 861
100 190 280 373 467 563 660 760 861
100 190 280 373 467 563 660 760 861
100 190 280 373 467 563 660 760 861
100 190 280 373 467 563 660 760 861
101 190 280 373 467 563 660 760 861
101 190 280 373 467 563 660 760 861
101 190 281 373 467 563 660 760 861
101 190 281 374 467 563 661 761 861
101 190 281 374 467 563 661 761 862
101 191 281 374 467 563 661 761 862
101 191 281 374 468 564 661 761 862
101 191 281 374 468 564 661 761 862
101 191 281 374 468 564 661 761 862
101 191 281 374 468 564 661 761 862
102 191 281 374 468 564 661 761 862
102 191 281 374 468 564 661 761 862
102 191 282 374 468 564 661 761 862
102 191 282 374 468 564 662 762 862
102 191 282 375 468 564 662 762 863
102 192 282 375 468 564 662 762 863
102 192 282 375 469 565 662 762 863
102 192 282 375 469 565 662 762 863
102 192 282 375 469 565 662 762 863
102 192 282 375 469 565 662 762 863
103 192 282 375 469 565 662 762 863
103 192 282 375 469 565 662 762 863
103 192 283 375 469 565 662 762 863
103 192 283 375 469 565 663 763 863
103 192 283 376 469 565 663 763 864
103 193 283 376 469 565 663 763 864
103 193 283 376 470 566 663 763 864
103 193 283 376 470 566 663 763 864
103 193 283 376 470 566 663 763 864
103 193 283 376 470 566 663 763 864
104 193 283 376 470 566 663 763 864
104 193 283 376 470 566 663 763 864
104 193 284 376 470 566 663 763 864
104 193 284 376 470 566 664 764 864
104 193 284 377 470 566 664 764 865
104 194 284 377 470 566 664 764 865
104 194 284 377 471 567 664 764 865
104 194 284 377 471 567 664 764 865
104 194 284 377 471 567 664 764 865
104 194 284 377 471 567 664 764 865
105 194 284 377 471 567 664 764 865
105 194 284 377 471 567 664 764 865
105 194 285 377 471 567 664 764 865
105 194 285 377 471 567 665 765 865
105 194 285 378 471 567 665 765 866
105 195 285 378 471 567 665 765 866
105 195 285 378 472 568 665 765 866
105 195 285 378 472 568 665 765 866
105 195 285 378 472 568 665 765 866
105 195 285 378 472 568 665 765 866
106 195 285 378 472 568 665 765 866
106 195 285 378 472 568 665 765 866
106 195 286 378 472 568 665 765 866
106 195 286 378 472 568 666 766 867
106 195 286 379 472 568 666 766 867
106 196 286 379 472 568 666 766 867
106 196 286 379 473 569 666 766 867
106 196 286 379 473 569 666 766 867
106 196 286 379 473 569 666 766 867
106 196 286 379 473 569 666 766 867
107 196 286 379 473 569 666 766 867
107 196 286 379 473 569 666 766 867
107 196 287 379 473 569 667 766 867
107 196 287 379 473 569 667 767 868
107 196 287 380 473 569 667 767 868
107 197 287 380 473 569 667 767 868
107 197 287 380 474 570 667 767 868
107 197 287 380 474 570 667 767 868
107 197 287 380 474 570 667 767 868
107 197 287 380 474 570 667 767 868
107 197 287 380 474 570 667 767 868
108 197 287 380 474 570 667 767 868
108 197 288 380 474 570 668 767 868
108 197 288 380 474 570 668 768 869
108 197 288 381 474 570 668 768 869
108 198 288 381 474 570 668 768 869
108 198 288 381 475 571 668 768 869
108 198 288 381 475 571 668 768 869
108 198 288 381 475 571 668 768 869
108 198 288 381 475 571 668 768 869
108 198 288 381 475 571 668 768 869
109 198 288 381 475 571 668 768 869
109 198 289 381 475 571 669 768 869
109 198 289 381 475 571 669 769 870
109 198 289 382 475 571 669 769 870
109 199 289 382 475 571 669 769 870
109 199 289 382 476 572 669 769 870
109 199 289 382 476 572 669 769 870
109 199 289 382 476 572 669 769 870
109 199 289 382 476 572 669 769 870
109 199 289 382 476 572 669 769 870
110 199 289 382 476 572 669 769 870
110 199 290 382 476 572 670 769 871
110 199 290 382 476 572 670 770 871
110 199 290 383 476 572 670 770 871
110 199 290 383 476 572 670 770 871
110 200 290 383 477 573 670 770 871
110 200 290 383 477 573 670 770 871
110 200 290 383 477 573 670 770 871
110 200 290 383 477 573 670 770 871
110 200 290 383 477 573 670 770 871
111 200 290 383 477 573 670 770 871
111 200 291 383 477 573 671 770 872
111 200 291 383 477 573 671 771 872
111 200 291 384 477 573 671 771 872
111 200 291 384 477 573 671 771 872
111 201 291 384 478 574 671 771 872
111 201 291 384 478 574 671 771 872
111 201 291 384 478 574 671 771 872
111 201 291 384 478 574 671 771 872
111 201 291 384 478 574 671 771 872
112 201 292 384 478 574 671 771 872
112 201 292 384 478 574 672 771 873
112 201 292 384 478 574 672 772 873
112 201 292 385 478 574 672 772 873
112 201 292 385 478 574 672 772 873
112 202 292 385 479 575 672 772 873
112 202 292 385 479 575 672 772 873
112 202 292 385 479 575 672 772 873
112 202 292 385 479 575 672 772 873
112 202 292 385 479 575 672 772 873
113 202 293 385 479 575 672 772 873
113 202 293 385 479 575 673 772 874
113 202 293 385 479 575 673 773 874
113 202 293 386 479 575 673 773 874
113 202 293 386 479 575 673 773 874
113 203 293 386 480 576 673 773 874
113 203 293 386 480 576 673 773 874
113 203 293 386 480 576 673 773 874
113 203 293 386 480 576 673 773 874
113 203 293 386 480 576 673 773 874
114 203 294 386 480 576 674 773 875
114 203 294 386 480 576 674 773 875
114 203 294 386 480 576 674 774 875
114 203 294 387 480 576 674 774 875
114 203 294 387 481 576 674 774 875
114 204 294 387 481 577 674 774 875
114 204 294 387 481 577 674 774 875
114 204 294 387 481 577 674 774 875
114 204 294 387 481 577 674 774 875
114 204 294 387 481 577 674 774 875
115 204 295 387 481 577 675 774 876
115 204 295 387 481 577 675 775 876
115 204 295 387 481 577 675 775 876
115 204 295 388 481 577 675 775 876
115 204 295 388 482 577 675 775 876
115 205 295 388 482 578 675 775 876
115 205 295 388 482 578 675 775 876
115 205 295 388 482 578 675 775 876
115 205 295 388 482 578 675 775 876
115 205 295 388 482 578 675 775 876
116 205 296 388 482 578 676 775 877
116 205 296 388 482 578 676 776 877
116 205 296 388 482 578 676 776 877
116 205 296 389 482 578 676 776 877
116 205 296 389 483 579 676 776 877
116 206 296 389 483 579 676 776 877
116 206 296 389 483 579 676 776 877
116 206 296 389 483 579 676 776 877
116 206 296 389 483 579 676 776 877
116 206 296 389 483 579 676 776 878
117 206 297 389 483 579 677 776 878
117 206 297 389 483 579 677 777 878
117 206 297 389 483 579 677 777 878
117 206 297 390 483 579 677 777 878
117 206 297 390 484 580 677 777 878
117 207 297 390 484 580 677 777 878
117 207 297 390 484 580 677 777 878
117 207 297 390 484 580 677 777 878
117 207 297 390 484 580 677 777 878
118 207 297 390 484 580 677 777 879
118 207 298 390 484 580 678 777 879
118 207 298 390 484 580 678 778 879
118 207 298 390 484 580 678 778 879
118 207 298 391 484 580 678 778 879
118 208 298 391 485 581 678 778 879
118 208 298 391 485 581 678 778 879
118 208 298 391 485 581 678 778 879
118 208 298 391 485 581 678 778 879
118 208 298 391 485 581 678 778 879
119 208 298 391 485 581 679 778 880
119 208 299 391 485 581 679 778 880
119 208 299 391 485 581 679 779 880
119 208 299 391 485 581 679 779 880
119 208 299 392 485 581 679 779 880
119 209 299 392 486 582 679 779 880
119 209 299 392 486 582 679 779 880
119 209 299 392 486 582 679 779 880
119 209 299 392 486 582 679 779 880
119 209 299 392 486 582 679 779 881
120 209 299 392 486 582 680 779 881
120 209 300 392 486 582 680 780 881
120 209 300 392 486 582 680 780 881
120 209 300 392 486 582 680 780 881
120 209 300 393 486 582 680 780 881
120 210 300 393 487 583 680 780 881
120 210 300 393 487 583 680 780 881
120 210 300 393 487 583 680 780 881
120 210 300 393 487 583 680 780 881
120 210 300 393 487 583 680 780 882
121 210 300 393 487 583 681 780 882
121 210 301 393 487 583 681 781 882
121 210 301 393 487 583 681 781 882
121 210 301 394 487 583 681 781 882
121 210 301 394 488 583 681 781 882
121 211 301 394 488 584 681 781 882
121 211 301 394 488 584 681 781 882
121 211 301 394 488 584 681 781 882
121 211 301 394 488 584 681 781 883
121 211 301 394 488 584 682 781 883
122 211 302 394 488 584 682 781 883
122 211 302 394 488 584 682 782 883
122 211 302 394 488 584 682 782 883
122 211 302 395 488 584 682 782 883
122 211 302 395 489 585 682 782 883
122 212 302 395 489 585 682 782 883
122 212 302 395 489 585 682 782 883
122 212 302 395 489 585 682 782 883
122 212 302 395 489 585 682 782 884
122 212 302 395 489 585 683 782 884
123 212 303 395 489 585 683 782 884
123 212 303 395 489 585 683 783 884
123 212 303 395 489 585 683 783 884
123 212 303 396 489 585 683 783 884
123 212 303 396 490 586 683 783 884
123 213 303 396 490 586 683 783 884
123 213 303 396 490 586 683 783 884
123 213 303 396 490 586 683 783 884
123 213 303 396 490 586 683 783 885
123 213 303 396 490 586 684 783 885
124 213 304 396 490 586 684 784 885
124 213 304 396 490 586 684 784 885
124 213 304 396 490 586 684 784 885
124 213 304 397 490 586 684 784 885
124 213 304 397 491 587 684 784 885
124 214 304 397 491 587 684 784 885
124 214 304 397 491 587 684 784 885
124 214 304 397 491 587 684 784 886
124 214 304 397 491 587 684 784 886
124 214 304 397 491 587 685 784 886
125 214 305 397 491 587 685 785 886
125 214 305 397 491 587 685 785 886
125 214 305 397 491 587 685 785 886
125 214 305 398 492 587 685 785 886
125 214 305 398 492 588 685 785 886
125 215 305 398 492 588 685 785 886
125 215 305 398 492 588 685 785 886
125 215 305 398 492 588 685 785 887
125 215 305 398 492 588 686 785 887
125 215 305 398 492 588 686 785 887
126 215 306 398 492 588 686 786 887
126 215 306 398 492 588 686 786 887
126 215 306 398 492 588 686 786 887
126 215 306 399 493 588 686 786 887
126 215 306 399 493 589 686 786 887
126 216 306 399 493 589 686 786 887
126 216 306 399 493 589 686 786 888
126 216 306 399 493 589 686 786 888
126 216 306 399 493 589 687 786 888
126 216 306 399 493 589 687 787 888
127 216 307 399 493 589 687 787 888
127 216 307 399 493 589 687 787 888
127 216 307 399 493 589 687 787 888
127 216 307 400 494 590 687 787 888
127 216 307 400 494 590 687 787 888
127 217 307 400 494 590 687 787 888
127 217 307 400 494 590 687 787 889
127 217 307 400 494 590 687 787 889
127 217 307 400 494 590 688 787 889
127 217 308 400 494 590 688 788 889
128 217 308 400 494 590 688 788 889
128 217 308 400 494 590 688 788 889
128 217 308 401 494 590 688 788 889
128 217 308 401 495 591 688 788 889
128 217 308 401 495 591 688 788 889
128 218 308 401 495 591 688 788 890
128 218 308 401 495 591 688 788 890
128 218 308 401 495 591 689 788 890
128 218 308 401 495 591 689 788 890
129 218 309 401 495 591 689 789 890
129 218 309 401 495 591 689 789 890
129 218 309 401 495 591 689 789 890
129 218 309 402 496 591 689 789 890
129 218 309 402 496 592 689 789 890
129 219 309 402 496 592 689 789 890
129 219 309 402 496 592 689 789 891
129 219 309 402 496 592 689 789 891
129 219 309 402 496 592 690 789 891
129 219 309 402 496 592 690 790 891
130 219 310 402 496 592 690 790 891
130 219 310 402 496 592 690 790 891
130 219 310 402 496 592 690 790 891
130 219 310 403 497 593 690 790 891
130 219 310 403 497 593 690 790 891
130 220 310 403 497 593 690 790 892
130 220 310 403 497 593 690 790 892
130 220 310 403 497 593 691 790 892
130 220 310 403 497 593 691 790 892
130 220 310 403 497 593 691 791 892
131 220 311 403 497 593 691 791 892
131 220 311 403 497 593 691 791 892
131 220 311 403 497 593 691 791 892
131 220 311 404 498 594 691 791 892
131 220 311 404 498 594 691 791 892
131 221 311 404 498 594 691 791 893
131 221 311 404 498 594 691 791 893
131 221 311 404 498 594 692 791 893
131 221 311 404 498 594 692 791 893
131 221 312 404 498 594 692 792 893
132 221 312 404 498 594 692 792 893
132 221 312 404 498 594 692 792 893
132 221 312 404 498 594 692 792 893
132 221 312 405 499 595 692 792 893
132 221 312 405 499 595 692 792 894
132 222 312 405 499 595 692 792 894
132 222 312 405 499 595 692 792 894
132 222 312 405 499 595 693 792 894
132 222 312 405 499 595 693 793 894
132 222 313 405 499 595 693 793 894
133 222 313 405 499 595 693 793 894
133 222 313 405 499 595 693 793 894
133 222 313 406 500 596 693 793 894
133 222 313 406 500 596 693 793 894
133 222 313 406 500 596 693 793 895
133 223 313 406 500 596 693 793 895
133 223 313 406 500 596 694 793 895
133 223 313 406 500 596 694 793 895
133 223 313 406 500 596 694 794 895
133 223 314 406 500 596 694 794 895
134 223 314 406 500 596 694 794 895
134 223 314 406 500 596 694 794 895
134 223 314 407 501 597 694 794 895
134 223 314 407 501 597 694 794 896
134 223 314 407 501 597 694 794 896
134 224 314 407 501 597 694 794 896
134 224 314 407 501 597 695 794 896
134 224 314 407 501 597 695 795 896
134 224 314 407 501 597 695 795 896
135 224 315 407 501 597 695 795 896
135 224 315 407 501 597 695 795 896
135 224 315 407 501 597 695 795 896
135 224 315 408 502 598 695 795 896
135 224 315 408 502 598 695 795 897
135 225 315 408 502 598 695 795 897
135 225 315 408 502 598 696 795 897
135 225 315 408 502 598 696 795 897
135 225 315 408 502 598 696 796 897
135 225 316 408 502 598 696 796 897
136 225 316 408 502 598 696 796 897
136 225 316 408 502 598 696 796 897
136 225 316 408 503 599 696 796 897
136 225 316 409 503 599 696 796 898
136 225 316 409 503 599 696 796 898
136 226 316 409 503 599 696 796 898
136 226 316 409 503 599 697 796 898
136 226 316 409 503 599 697 796 898
136 226 316 409 503 599 697 797 898
136 226 317 409 503 599 697 797 898
137 226 317 409 503 599 697 797 898
137 226 317 409 503 599 697 797 898
137 226 317 410 504 600 697 797 899
137 226 317 410 504 600 697 797 899
137 226 317 410 504 600 697 797 899
137 227 317 410 504 600 698 797 899
137 227 317 410 504 600 698 797 899
137 227 317 410 504 600 698 798 899
137 227 317 410 504 600 698 798 899
137 227 318 410 504 600 698 798 899
138 227 318 410 504 600 698 798 899
138 227 318 410 504 600 698 798 899
138 227 318 411 505 601 698 798 900
138 227 318 411 505 601 698 798 900
138 227 318 411 505 601 698 798 900
138 228 318 411 505 601 699 798 900
138 228 318 411 505 601 699 798 900
138 228 318 411 505 601 699 799 900
138 228 318 411 505 601 699 799 900
138 228 319 411 505 601 699 799 900
139 228 319 411 505 601 699 799 900
139 228 319 411 506 602 699 799 901
139 228 319 412 506 602 699 799 901
139 228 319 412 506 602 699 799 901
139 228 319 412 506 602 700 799 901
139 229 319 412 506 602 700 799 901
139 229 319 412 506 602 700 800 901
139 229 319 412 506 602 700 800 901
139 229 320 412 506 602 700 800 901
140 229 320 412 506 602 700 800 901
140 229 320 412 506 602 700 800 901
140 229 320 413 507 603 700 800 902
140 229 320 413 507 603 700 800 902
140 229 320 413 507 603 700 800 902
140 230 320 413 507 603 701 800 902
140 230 320 413 507 603 701 800 902
140 230 320 413 507 603 701 801 902
140 230 320 413 507 603 701 801 902
140 230 321 413 507 603 701 801 902
141 230 321 413 507 603 701 801 902
141 230 321 413 508 604 701 801 903
141 230 321 414 508 604 701 801 903
141 230 321 414 508 604 701 801 903
141 230 321 414 508 604 702 801 903
141 231 321 414 508 604 702 801 903
141 231 321 414 508 604 702 802 903
141 231 321 414 508 604 702 802 903
141 231 321 414 508 604 702 802 903
141 231 322 414 508 604 702 802 903
142 231 322 414 508 604 702 802 904
142 231 322 414 509 605 702 802 904
142 231 322 415 509 605 702 802 904
142 231 322 415 509 605 702 802 904
142 231 322 415 509 605 703 802 904
142 232 322 415 509 605 703 802 904
142 232 322 415 509 605 703 803 904
142 232 322 415 509 605 703 803 904
142 232 323 415 509 605 703 803 904
142 232 323 415 509 605 703 803 904
143 232 323 415 509 605 703 803 905
143 232 323 416 510 606 703 803 905
143 232 323 416 510 606 703 803 905
143 232 323 416 510 606 704 803 905
143 232 323 416 510 606 704 803 905
143 233 323 416 510 606 704 804 905
143 233 323 416 510 606 704 804 905
143 233 323 416 510 606 704 804 905
143 233 324 416 510 606 704 804 905
144 233 324 416 510 606 704 804 906
144 233 324 416 511 607 704 804 906
144 233 324 417 511 607 704 804 906
144 233 324 417 511 607 704 804 906
144 233 324 417 511 607 705 804 906
144 234 324 417 511 607 705 804 906
144 234 324 417 511 607 705 805 906
144 234 324 417 511 607 705 805 906
144 234 324 417 511 607 705 805 906
144 234 325 417 511 607 705 805 907
145 234 325 417 511 607 705 805 907
145 234 325 417 512 608 705 805 907
145 234 325 418 512 608 705 805 907
145 234 325 418 512 608 706 805 907
145 234 325 418 512 608 706 805 907
145 235 325 418 512 608 706 806 907
145 235 325 418 512 608 706 806 907
145 235 325 418 512 608 706 806 907
145 235 326 418 512 608 706 806 907
145 235 326 418 512 608 706 806 908
146 235 326 418 513 609 706 806 908
146 235 326 419 513 609 706 806 908
146 235 326 419 513 609 706 806 908
146 235 326 419 513 609 707 806 908
146 235 326 419 513 609 707 806 908
146 236 326 419 513 609 707 807 908
146 236 326 419 513 609 707 807 908
146 236 326 419 513 609 707 807 908
146 236 327 419 513 609 707 807 909
146 236 327 419 513 609 707 807 909
147 236 327 419 514 610 707 807 909
147 236 327 420 514 610 707 807 909
147 236 327 420 514 610 708 807 909
147 236 327 420 514 610 708 807 909
147 237 327 420 514 610 708 808 909
147 237 327 420 514 610 708 808 909
147 237 327 420 514 610 708 808 909
147 237 328 420 514 610 708 808 910
147 237 328 420 514 610 708 808 910
148 237 328 420 515 611 708 808 910
148 237 328 420 515 611 708 808 910
148 237 328 421 515 611 708 808 910
148 237 328 421 515 611 709 808 910
148 237 328 421 515 611 709 809 910
148 238 328 421 515 611 709 809 910
148 238 328 421 515 611 709 809 910
148 238 328 421 515 611 709 809 911
148 238 329 421 515 611 709 809 911
148 238 329 421 515 611 709 809 911
149 238 329 421 516 612 709 809 911
149 238 329 422 516 612 709 809 911
149 238 329 422 516 612 710 809 911
149 238 329 422 516 612 710 809 911
149 238 329 422 516 612 710 810 911
149 239 329 422 516 612 710 810 911
149 239 329 422 516 612 710 810 911
149 239 329 422 516 612 710 810 912
149 239 330 422 516 612 710 810 912
149 239 330 422 517 613 710 810 912
150 239 330 422 517 613 710 810 912
150 239 330 423 517 613 711 810 912
150 239 330 423 517 613 711 810 912
150 239 330 423 517 613 711 811 912
150 240 330 423 517 613 711 811 912
150 240 330 423 517 613 711 811 912
150 240 330 423 517 613 711 811 913
150 240 331 423 517 613 711 811 913
150 240 331 423 517 613 711 811 913
151 240 331 423 518 614 711 811 913
151 240 331 424 518 614 711 811 913
151 240 331 424 518 614 712 811 913
151 240 331 424 518 614 712 811 913
151 240 331 424 518 614 712 812 913
151 241 331 424 518 614 712 812 913
151 241 331 424 518 614 712 812 914
151 241 331 424 518 614 712 812 914
151 241 332 424 518 614 712 812 914
151 241 332 424 519 615 712 812 914
152 241 332 424 519 615 712 812 914
152 241 332 425 519 615 713 812 914
152 241 332 425 519 615 713 812 914
152 241 332 425 519 615 713 813 914
152 241 332 425 519 615 713 813 914
152 242 332 425 519 615 713 813 914
152 242 332 425 519 615 713 813 915
152 242 333 425 519 615 713 813 915
152 242 333 425 519 616 713 813 915
152 242 333 425 520 616 713 813 915
153 242 333 425 520 616 713 813 915
153 242 333 426 520 616 714 813 915
153 242 333 426 520 616 714 814 915
153 242 333 426 520 616 714 814 915
153 243 333 426 520 616 714 814 915
153 243 333 426 520 616 714 814 916
153 243 333 426 520 616 714 814 916
153 243 334 426 520 616 714 814 916
153 243 334 426 521 617 714 814 916
154 243 334 426 521 617 714 814 916
154 243 334 427 521 617 715 814 916
154 243 334 427 521 617 715 814 916
154 243 334 427 521 617 715 815 916
154 243 334 427 521 617 715 815 916
154 244 334 427 521 617 715 815 917
154 244 334 427 521 617 715 815 917
154 244 334 427 521 617 715 815 917
154 244 335 427 521 618 715 815 917
154 244 335 427 522 618 715 815 917
155 244 335 427 522 618 716 815 917
155 244 335 428 522 618 716 815 917
155 244 335 428 522 618 716 816 917
155 244 335 428 522 618 716 816 917
155 244 335 428 522 618 716 816 918
155 245 335 428 522 618 716 816 918
155 245 335 428 522 618 716 816 918
155 245 336 428 522 618 716 816 918
155 245 336 428 523 619 716 816 918
155 245 336 428 523 619 716 816 918
156 245 336 429 523 619 717 816 918
156 245 336 429 523 619 717 817 918
156 245 336 429 523 619 717 817 918
156 245 336 429 523 619 717 817 919
156 246 336 429 523 619 717 817 919
156 246 336 429 523 619 717 817 919
156 246 336 429 523 619 717 817 919
156 246 337 429 523 620 717 817 919
156 246 337 429 524 620 717 817 919
157 246 337 429 524 620 718 817 919
157 246 337 430 524 620 718 817 919
157 246 337 430 524 620 718 818 919
157 246 337 430 524 620 718 818 919
157 246 337 430 524 620 718 818 920
157 247 337 430 524 620 718 818 920
157 247 337 430 524 620 718 818 920
157 247 338 430 524 620 718 818 920
157 247 338 430 525 621 718 818 920
157 247 338 430 525 621 719 818 920
158 247 338 431 525 621 719 818 920
158 247 338 431 525 621 719 819 920
158 247 338 431 525 621 719 819 920
158 247 338 431 525 621 719 819 921
158 248 338 431 525 621 719 819 921
158 248 338 431 525 621 719 819 921
158 248 338 431 525 621 719 819 921
158 248 339 431 526 622 719 819 921
158 248 339 431 526 622 719 819 921
158 248 339 431 526 622 720 819 921
159 248 339 432 526 622 720 820 921
159 248 339 432 526 622 720 820 921
159 248 339 432 526 622 720 820 922
159 248 339 432 526 622 720 820 922
159 249 339 432 526 622 720 820 922
159 249 339 432 526 622 720 820 922
159 249 340 432 526 623 720 820 922
159 249 340 432 527 623 720 820 922
159 249 340 432 527 623 721 820 922
160 249 340 433 527 623 721 820 922
160 249 340 433 527 623 721 821 922
160 249 340 433 527 623 721 821 923
160 249 340 433 527 623 721 821 923
160 249 340 433 527 623 721 821 923
160 250 340 433 527 623 721 821 923
160 250 340 433 527 623 721 821 923
160 250 341 433 528 624 721 821 923
160 250 341 433 528 624 722 821 923
160 250 341 433 528 624 722 821 923
161 250 341 434 528 624 722 822 923
161 250 341 434 528 624 722 822 924
161 250 341 434 528 624 722 822 924
161 250 341 434 528 624 722 822 924
161 251 341 434 528 624 722 822 924
161 251 341 434 528 624 722 822 924
161 251 342 434 528 625 722 822 924
161 251 342 434 529 625 723 822 924
161 251 342 434 529 625 723 822 924
162 251 342 435 529 625 723 823 924
162 251 342 435 529 625 723 823 925
162 251 342 435 529 625 723 823 925
162 251 342 435 529 625 723 823 925
162 251 342 435 529 625 723 823 925
162 252 342 435 529 625 723 823 925
162 252 342 435 529 626 723 823 925
162 252 343 435 530 626 723 823 925
162 252 343 435 530 626 724 823 925
162 252 343 435 530 626 724 824 925
163 252 343 436 530 626 724 824 926
163 252 343 436 530 626 724 824 926
163 252 343 436 530 626 724 824 926
163 252 343 436 530 626 724 824 926
163 253 343 436 530 626 724 824 926
163 253 343 436 530 626 724 824 926
163 253 344 436 531 627 724 824 926
163 253 344 436 531 627 725 824 926
163 253 344 436 531 627 725 824 926
163 253 344 437 531 627 725 825 926
164 253 344 437 531 627 725 825 927
164 253 344 437 531 627 725 825 927
164 253 344 437 531 627 725 825 927
164 253 344 437 531 627 725 825 927
164 254 344 437 531 627 725 825 927
164 254 344 437 531 628 725 825 927
164 254 345 437 532 628 726 825 927
164 254 345 437 532 628 726 825 927
164 254 345 437 532 628 726 826 927
165 254 345 438 532 628 726 826 928
165 254 345 438 532 628 726 826 928
165 254 345 438 532 628 726 826 928
165 254 345 438 532 628 726 826 928
165 255 345 438 532 628 726 826 928
165 255 345 438 532 629 726 826 928
165 255 346 438 533 629 727 826 928
165 255 346 438 533 629 727 826 928
165 255 346 438 533 629 727 827 928
165 255 346 439 533 629 727 827 929
166 255 346 439 533 629 727 827 929
166 255 346 439 533 629 727 827 929
166 255 346 439 533 629 727 827 929
166 255 346 439 533 629 727 827 929
166 256 346 439 533 629 727 827 929
166 256 346 439 534 630 727 827 929
166 256 347 439 534 630 728 827 929
166 256 347 439 534 630 728 828 929
166 256 347 440 534 630 728 828 930
167 256 347 440 534 630 728 828 930
167 256 347 440 534 630 728 828 930
167 256 347 440 534 630 728 828 930
167 256 347 440 534 630 728 828 930
167 257 347 440 534 630 728 828 930
167 257 347 440 534 631 728 828 930
167 257 348 440 535 631 729 828 930
167 257 348 440 535 631 729 829 930
167 257 348 440 535 631 729 829 931
167 257 348 441 535 631 729 829 931
168 257 348 441 535 631 729 829 931
168 257 348 441 535 631 729 829 931
168 257 348 441 535 631 729 829 931
168 257 348 441 535 631 729 829 931
168 258 348 441 535 632 729 829 931
168 258 348 441 536 632 730 829 931
168 258 349 441 536 632 730 829 931
168 258 349 441 536 632 730 830 932
168 258 349 442 536 632 730 830 932
169 258 349 442 536 632 730 830 932
169 258 349 442 536 632 730 830 932
169 258 349 442 536 632 730 830 932
169 258 349 442 536 632 730 830 932
169 259 349 442 536 632 730 830 932
169 259 349 442 537 633 731 830 932
169 259 350 442 537 633 731 830 932
169 259 350 442 537 633 731 831 933
169 259 350 442 537 633 731 831 933
169 259 350 443 537 633 731 831 933
170 259 350 443 537 633 731 831 933
170 259 350 443 537 633 731 831 933
170 259 350 443 537 633 731 831 933
170 259 350 443 537 633 731 831 933
170 260 350 443 537 634 732 831 933
170 260 350 443 538 634 732 831 933
170 260 351 443 538 634 732 832 934
170 260 351 443 538 634 732 832 934
170 260 351 444 538 634 732 832 934
170 260 351 444 538 634 732 832 934
171 260 351 444 538 634 732 832 934
171 260 351 444 538 634 732 832 934
171 260 351 444 538 634 732 832 934
171 261 351 444 538 635 732 832 934
171 261 351 444 539 635 733 832 934
171 261 352 444 539 635 733 833 935
171 261 352 444 539 635 733 833 935
171 261 352 445 539 635 733 833 935
171 261 352 445 539 635 733 833 935
172 261 352 445 539 635 733 833 935
172 261 352 445 539 635 733 833 935
172 261 352 445 539 635 733 833 935
172 261 352 445 539 636 733 833 935
172 262 352 445 540 636 734 833 935
172 262 353 445 540 636 734 834 936
172 262 353 445 540 636 734 834 936
172 262 353 445 540 636 734 834 936
172 262 353 446 540 636 734 834 936
172 262 353 446 540 636 734 834 936
173 262 353 446 540 636 734 834 936
173 262 353 446 540 636 734 834 936
173 262 353 446 540 636 734 834 936
173 263 353 446 540 637 735 834 936
173 263 353 446 541 637 735 835 937
173 263 354 446 541 637 735 835 937
173 263 354 446 541 637 735 835 937
173 263 354 447 541 637 735 835 937
173 263 354 447 541 637 735 835 937
174 263 354 447 541 637 735 835 937
174 263 354 447 541 637 735 835 937
174 263 354 447 541 637 735 835 937
174 263 354 447 541 638 736 835 937
174 264 354 447 542 638 736 836 938
174 264 355 447 542 638 736 836 938
174 264 355 447 542 638 736 836 938
174 264 355 447 542 638 736 836 938
174 264 355 448 542 638 736 836 938
174 264 355 448 542 638 736 836 938
175 264 355 448 542 638 736 836 938
175 264 355 448 542 638 736 836 938
175 264 355 448 542 639 737 836 938
175 265 355 448 543 639 737 836 939
175 265 355 448 543 639 737 837 939
175 265 356 448 543 639 737 837 939
175 265 356 448 543 639 737 837 939
175 265 356 449 543 639 737 837 939
175 265 356 449 543 639 737 837 939
176 265 356 449 543 639 737 837 939
176 265 356 449 543 639 737 837 939
176 265 356 449 543 640 738 837 939
176 265 356 449 544 640 738 837 940
176 266 356 449 544 640 738 838 940
176 266 357 449 544 640 738 838 940
176 266 357 449 544 640 738 838 940
176 266 357 450 544 640 738 838 940
176 266 357 450 544 640 738 838 940
176 266 357 450 544 640 738 838 940
177 266 357 450 544 640 738 838 940
177 266 357 450 544 641 738 838 940
177 266 357 450 544 641 739 838 941
177 267 357 450 545 641 739 839 941
177 267 358 450 545 641 739 839 941
177 267 358 450 545 641 739 839 941
177 267 358 450 545 641 739 839 941
177 267 358 451 545 641 739 839 941
177 267 358 451 545 641 739 839 941
178 267 358 451 545 641 739 839 941
178 267 358 451 545 641 739 839 941
178 267 358 451 545 642 740 839 942
178 267 358 451 546 642 740 840 942
178 268 358 451 546 642 740 840 942
178 268 359 451 546 642 740 840 942
178 268 359 451 546 642 740 840 942
178 268 359 452 546 642 740 840 942
178 268 359 452 546 642 740 840 942
178 268 359 452 546 642 740 840 942
179 268 359 452 546 642 740 840 942
179 268 359 452 546 643 741 840 943
179 268 359 452 547 643 741 841 943
179 269 359 452 547 643 741 841 943
179 269 360 452 547 643 741 841 943
179 269 360 452 547 643 741 841 943
179 269 360 453 547 643 741 841 943
179 269 360 453 547 643 741 841 943
179 269 360 453 547 643 741 841 943
180 269 360 453 547 643 741 841 943
180 269 360 453 547 644 742 841 944
180 269 360 453 548 644 742 842 944
180 270 360 453 548 644 742 842 944
180 270 361 453 548 644 742 842 944
180 270 361 453 548 644 742 842 944
180 270 361 453 548 644 742 842 944
180 270 361 454 548 644 742 842 944
180 270 361 454 548 644 742 842 944
181 270 361 454 548 644 742 842 944
181 270 361 454 548 645 743 842 945
181 270 361 454 549 645 743 843 945
181 270 361 454 549 645 743 843 945
181 271 361 454 549 645 743 843 945
181 271 362 454 549 645 743 843 945
181 271 362 454 549 645 743 843 945
181 271 362 455 549 645 743 843 945
181 271 362 455 549 645 743 843 945
181 271 362 455 549 645 743 843 945
182 271 362 455 549 646 744 843 946
182 271 362 455 549 646 744 844 946
182 271 362 455 550 646 744 844 946
182 272 362 455 550 646 744 844 946
182 272 363 455 550 646 744 844 946
182 272 363 455 550 646 744 844 946
182 272 363 456 550 646 744 844 946
182 272 363 456 550 646 744 844 946
182 272 363 456 550 646 744 844 946
183 272 363 456 550 647 745 844 947
183 272 363 456 550 647 745 845 947
183 272 363 456 551 647 745 845 947
183 272 363 456 551 647 745 845 947
183 273 364 456 551 647 745 845 947
183 273 364 456 551 647 745 845 947
183 273 364 457 551 647 745 845 947
183 273 364 457 551 647 745 845 947
183 273 364 457 551 647 745 845 947
183 273 364 457 551 647 746 845 948
184 273 364 457 551 648 746 846 948
184 273 364 457 552 648 746 846 948
184 273 364 457 552 648 746 846 948
184 274 364 457 552 648 746 846 948
184 274 365 457 552 648 746 846 948
184 274 365 457 552 648 746 846 948
184 274 365 458 552 648 746 846 948
184 274 365 458 552 648 746 846 948
184 274 365 458 552 648 747 846 949
185 274 365 458 552 649 747 847 949
185 274 365 458 553 649 747 847 949
185 274 365 458 553 649 747 847 949
185 275 365 458 553 649 747 847 949
185 275 366 458 553 649 747 847 949
185 275 366 458 553 649 747 847 949
185 275 366 459 553 649 747 847 949
185 275 366 459 553 649 747 847 949
185 275 366 459 553 649 748 847 950
185 275 366 459 553 650 748 848 950
186 275 366 459 554 650 748 848 950
186 275 366 459 554 650 748 848 950
186 275 366 459 554 650 748 848 950
186 276 367 459 554 650 748 848 950
186 276 367 459 554 650 748 848 950
186 276 367 460 554 650 748 848 950
186 276 367 460 554 650 748 848 950
186 276 367 460 554 650 749 848 951
186 276 367 460 554 651 749 849 951
187 276 367 460 555 651 749 849 951
187 276 367 460 555 651 749 849 951
187 276 367 460 555 651 749 849 951
187 277 367 460 555 651 749 849 951
187 277 368 460 555 651 749 849 951
187 277 368 461 555 651 749 849 951
187 277 368 461 555 651 749 849 952
187 277 368 461 555 651 750 849 952
187 277 368 461 555 652 750 850 952
187 277 368 461 555 652 750 850 952
188 277 368 461 556 652 750 850 952
188 277 368 461 556 652 750 850 952
188 278 368 461 556 652 750 850 952
188 278 369 461 556 652 750 850 952
188 278 369 461 556 652 750 850 952
188 278 369 462 556 652 750 850 953
188 278 369 462 556 652 751 850 953
188 278 369 462 556 653 751 851 953
188 278 369 462 556 653 751 851 953
189 278 369 462 557 653 751 851 953
189 278 369 462 557 653 751 851 953
189 278 369 462 557 653 751 851 953
189 279 370 462 557 653 751 851 953
189 279 370 462 557 653 751 851 953
189 279 370 463 557 653 751 851 954
189 279 370 463 557 653 752 851 954
189 279 370 463 557 654 752 852 954
189 279 370 463 557 654 752 852 954
190 279 370 463 558 654 752 852 954
190 279 370 463 558 654 752 852 954
190 279 370 463 558 654 752 852 954
190 280 370 463 558 654 752 852 954
190 280 371 463 558 654 752 852 954
190 280 371 464 558 654 752 852 955
190 280 371 464 558 654 753 852 955
190 280 371 464 558 655 753 853 955
190 280 371 464 558 655 753 853 955
190 280 371 464 559 655 753 853 955
191 280 371 464 559 655 753 853 955
191 280 371 464 559 655 753 853 955
191 281 371 464 559 655 753 853 955
191 281 372 464 559 655 753 853 955
191 281 372 465 559 655 753 853 956
191 281 372 465 559 655 754 853 956
191 281 372 465 559 656 754 854 956
191 281 372 465 559 656 754 854 956
191 281 372 465 560 656 754 854 956
192 281 372 465 560 656 754 854 956
192 281 372 465 560 656 754 854 956
192 281 372 465 560 656 754 854 956
192 282 373 465 560 656 754 854 956
192 282 373 466 560 656 754 854 957
192 282 373 466 560 656 755 854 957
192 282 373 466 560 657 755 855 957
192 282 373 466 560 657 755 855 957
192 282 373 466 561 657 755 855 957
193 282 373 466 561 657 755 855 957
193 282 373 466 561 657 755 855 957
193 282 373 466 561 657 755 855 957
193 283 374 466 561 657 755 855 957
193 283 374 466 561 657 755 855 958
193 283 374 467 561 657 756 855 958
193 283 374 467 561 658 756 856 958
193 283 374 467 561 658 756 856 958
193 283 374 467 562 658 756 856 958
193 283 374 467 562 658 756 856 958
194 283 374 467 562 658 756 856 958
194 283 374 467 562 658 756 856 958
194 284 374 467 562 658 756 856 959
194 284 375 467 562 658 756 856 959
194 284 375 468 562 658 757 856 959
194 284 375 468 562 659 757 857 959
194 284 375 468 562 659 757 857 959
194 284 375 468 563 659 757 857 959
194 284 375 468 563 659 757 857 959
195 284 375 468 563 659 757 857 959
195 284 375 468 563 659 757 857 959
195 284 375 468 563 659 757 857 960
195 285 376 468 563 659 757 857 960
195 285 376 469 563 659 758 857 960
195 285 376 469 563 660 758 858 960
195 285 376 469 563 660 758 858 960
195 285 376 469 564 660 758 858 960
195 285 376 469 564 660 758 858 960
195 285 376 469 564 660 758 858 960
196 285 376 469 564 660 758 858 960
196 285 376 469 564 660 758 858 961
196 286 377 469 564 660 758 858 961
196 286 377 470 564 660 759 859 961
196 286 377 470 564 661 759 859 961
196 286 377 470 564 661 759 859 961
196 286 377 470 565 661 759 859 961
196 286 377 470 565 661 759 859 961
196 286 377 470 565 661 759 859 961
197 286 377 470 565 661 759 859 961
197 286 377 470 565 661 759 859 962
197 287 378 470 565 661 759 859 962
197 287 378 471 565 661 760 860 962
197 287 378 471 565 662 760 860 962
197 287 378 471 565 662 760 860 962
197 287 378 471 565 662 760 860 962
197 287 378 471 566 662 760 860 962
197 287 378 471 566 662 760 860 962
198 287 378 471 566 662 760 860 962
198 287 378 471 566 662 760 860 963
198 288 378 471 566 662 760 860 963
198 288 379 471 566 662 761 861 963
198 288 379 472 566 663 761 861 963
198 288 379 472 566 663 761 861 963
198 288 379 472 566 663 761 861 963
198 288 379 472 567 663 761 861 963
198 288 379 472 567 663 761 861 963
198 288 379 472 567 663 761 861 964
199 288 379 472 567 663 761 861 964
199 288 379 472 567 663 761 861 964
199 289 380 472 567 663 762 862 964
199 289 380 473 567 664 762 862 964
199 289 380 473 567 664 762 862 964
199 289 380 473 567 664 762 862 964
199 289 380 473 568 664 762 862 964
199 289 380 473 568 664 762 862 964
199 289 380 473 568 664 762 862 965
200 289 380 473 568 664 762 862 965
200 289 380 473 568 664 762 862 965
200 290 381 473 568 664 763 863 965
200 290 381 474 568 665 763 863 965
200 290 381 474 568 665 763 863 965
200 290 381 474 568 665 763 863 965
200 290 381 474 569 665 763 863 965
200 290 381 474 569 665 763 863 965
200 290 381 474 569 665 763 863 966
201 290 381 474 569 665 763 863 966
201 290 381 474 569 665 764 863 966
201 291 382 474 569 665 764 864 966
201 291 382 475 569 666 764 864 966
201 291 382 475 569 666 764 864 966
201 291 382 475 569 666 764 864 966
201 291 382 475 570 666 764 864 966
201 291 382 475 570 666 764 864 966
201 291 382 475 570 666 764 864 967
202 291 382 475 570 666 764 864 967
202 291 382 475 570 666 765 864 967
202 292 383 475 570 666 765 865 967
202 292 383 476 570 667 765 865 967
202 292 383 476 570 667 765 865 967
202 292 383 476 570 667 765 865 967
202 292 383 476 571 667 765 865 967
202 292 383 476 571 667 765 865 968
202 292 383 476 571 667 765 865 968
202 292 383 476 571 667 765 865 968
203 292 383 476 571 667 766 866 968
203 292 383 476 571 667 766 866 968
203 293 384 477 571 668 766 866 968
203 293 384 477 571 668 766 866 968
203 293 384 477 571 668 766 866 968
203 293 384 477 572 668 766 866 968
203 293 384 477 572 668 766 866 969
203 293 384 477 572 668 766 866 969
203 293 384 477 572 668 766 866 969
204 293 384 477 572 668 767 867 969
204 293 384 477 572 668 767 867 969
204 294 385 478 572 669 767 867 969
204 294 385 478 572 669 767 867 969
204 294 385 478 572 669 767 867 969
204 294 385 478 573 669 767 867 969
204 294 385 478 573 669 767 867 970
204 294 385 478 573 669 767 867 970
204 294 385 478 573 669 767 867 970
205 294 385 478 573 669 768 868 970
205 294 385 478 573 669 768 868 970
205 295 386 479 573 670 768 868 970
205 295 386 479 573 670 768 868 970
205 295 386 479 573 670 768 868 970
205 295 386 479 574 670 768 868 971
205 295 386 479 574 670 768 868 971
205 295 386 479 574 670 768 868 971
205 295 386 479 574 670 768 868 971
205 295 386 479 574 670 769 869 971
206 295 386 479 574 670 769 869 971
206 296 387 480 574 671 769 869 971
206 296 387 480 574 671 769 869 971
206 296 387 480 574 671 769 869 971
206 296 387 480 575 671 769 869 972
206 296 387 480 575 671 769 869 972
206 296 387 480 575 671 769 869 972
206 296 387 480 575 671 769 869 972
206 296 387 480 575 671 770 870 972
207 296 387 480 575 671 770 870 972
207 296 388 481 575 672 770 870 972
207 297 388 481 575 672 770 870 972
207 297 388 481 575 672 770 870 972
207 297 388 481 576 672 770 870 973
207 297 388 481 576 672 770 870 973
207 297 388 481 576 672 770 870 973
207 297 388 481 576 672 771 871 973
207 297 388 481 576 672 771 871 973
208 297 388 481 576 672 771 871 973
208 297 389 481 576 673 771 871 973
208 298 389 482 576 673 771 871 973
208 298 389 482 576 673 771 871 973
208 298 389 482 577 673 771 871 974
208 298 389 482 577 673 771 871 974
208 298 389 482 577 673 771 871 974
208 298 389 482 577 673 772 872 974
208 298 389 482 577 673 772 872 974
209 298 389 482 577 673 772 872 974
209 298 390 482 577 674 772 872 974
209 299 390 483 577 674 772 872 974
209 299 390 483 578 674 772 872 975
209 299 390 483 578 674 772 872 975
209 299 390 483 578 674 772 872 975
209 299 390 483 578 674 772 872 975
209 299 390 483 578 674 773 873 975
209 299 390 483 578 674 773 873 975
209 299 390 483 578 674 773 873 975
210 299 390 483 578 675 773 873 975
210 300 391 484 578 675 773 873 975
210 300 391 484 579 675 773 873 976
210 300 391 484 579 675 773 873 976
210 300 391 484 579 675 773 873 976
210 300 391 484 579 675 773 873 976
210 300 391 484 579 675 774 874 976
210 300 391 484 579 675 774 874 976
210 300 391 484 579 676 774 874 976
211 300 391 484 579 676 774 874 976
211 301 392 485 579 676 774 874 976
211 301 392 485 580 676 774 874 977
211 301 392 485 580 676 774 874 977
211 301 392 485 580 676 774 874 977
211 301 392 485 580 676 774 875 977
211 301 392 485 580 676 775 875 977
211 301 392 485 580 676 775 875 977
211 301 392 485 580 677 775 875 977
212 301 392 485 580 677 775 875 977
212 302 393 486 580 677 775 875 978
212 302 393 486 581 677 775 875 978
212 302 393 486 581 677 775 875 978
212 302 393 486 581 677 775 875 978
212 302 393 486 581 677 776 876 978
212 302 393 486 581 677 776 876 978
212 302 393 486 581 677 776 876 978
212 302 393 486 581 678 776 876 978
213 302 393 486 581 678 776 876 978
213 302 394 487 581 678 776 876 979
213 303 394 487 582 678 776 876 979
213 303 394 487 582 678 776 876 979
213 303 394 487 582 678 776 876 979
213 303 394 487 582 678 777 877 979
213 303 394 487 582 678 777 877 979
213 303 394 487 582 678 777 877 979
213 303 394 487 582 679 777 877 979
213 303 394 487 582 679 777 877 980
214 303 395 488 582 679 777 877 980
214 304 395 488 583 679 777 877 980
214 304 395 488 583 679 777 877 980
214 304 395 488 583 679 777 878 980
214 304 395 488 583 679 778 878 980
214 304 395 488 583 679 778 878 980
214 304 395 488 583 679 778 878 980
214 304 395 488 583 680 778 878 980
214 304 395 488 583 680 778 878 981
215 304 396 489 583 680 778 878 981
215 305 396 489 584 680 778 878 981
215 305 396 489 584 680 778 878 981
215 305 396 489 584 680 778 879 981
215 305 396 489 584 680 779 879 981
215 305 396 489 584 680 779 879 981
215 305 396 489 584 680 779 879 981
215 305 396 489 584 681 779 879 981
215 305 396 489 584 681 779 879 982
216 305 397 490 584 681 779 879 982
216 306 397 490 585 681 779 879 982
216 306 397 490 585 681 779 879 982
216 306 397 490 585 681 779 880 982
216 306 397 490 585 681 780 880 982
216 306 397 490 585 681 780 880 982
216 306 397 490 585 682 780 880 982
216 306 397 490 585 682 780 880 983
216 306 397 490 585 682 780 880 983
217 306 398 491 585 682 780 880 983
217 307 398 491 586 682 780 880 983
217 307 398 491 586 682 780 881 983
217 307 398 491 586 682 781 881 983
217 307 398 491 586 682 781 881 983
217 307 398 491 586 682 781 881 983
217 307 398 491 586 683 781 881 983
217 307 398 491 586 683 781 881 984
217 307 398 491 586 683 781 881 984
217 307 399 492 586 683 781 881 984
218 308 399 492 587 683 781 881 984
218 308 399 492 587 683 781 882 984
218 308 399 492 587 683 782 882 984
218 308 399 492 587 683 782 882 984
218 308 399 492 587 683 782 882 984
218 308 399 492 587 684 782 882 985
218 308 399 492 587 684 782 882 985
218 308 399 492 587 684 782 882 985
218 308 400 493 587 684 782 882 985
219 309 400 493 588 684 782 882 985
219 309 400 493 588 684 782 883 985
219 309 400 493 588 684 783 883 985
219 309 400 493 588 684 783 883 985
219 309 400 493 588 684 783 883 985
219 309 400 493 588 685 783 883 986
219 309 400 493 588 685 783 883 986
219 309 400 493 588 685 783 883 986
219 309 401 494 589 685 783 883 986
220 310 401 494 589 685 783 884 986
220 310 401 494 589 685 784 884 986
220 310 401 494 589 685 784 884 986
220 310 401 494 589 685 784 884 986
220 310 401 494 589 685 784 884 986
220 310 401 494 589 686 784 884 987
220 310 401 494 589 686 784 884 987
220 310 401 494 589 686 784 884 987
220 310 401 495 590 686 784 884 987
221 310 402 495 590 686 784 885 987
221 311 402 495 590 686 785 885 987
221 311 402 495 590 686 785 885 987
221 311 402 495 590 686 785 885 987
221 311 402 495 590 687 785 885 988
221 311 402 495 590 687 785 885 988
221 311 402 495 590 687 785 885 988
221 311 402 495 590 687 785 885 988
221 311 402 496 591 687 785 885 988
222 311 403 496 591 687 785 886 988
222 312 403 496 591 687 786 886 988
222 312 403 496 591 687 786 886 988
222 312 403 496 591 687 786 886 988
222 312 403 496 591 688 786 886 989
222 312 403 496 591 688 786 886 989
222 312 403 496 591 688 786 886 989
222 312 403 497 591 688 786 886 989
222 312 403 497 592 688 786 887 989
223 312 404 497 592 688 786 887 989
223 313 404 497 592 688 787 887 989
223 313 404 497 592 688 787 887 989
223 313 404 497 592 688 787 887 990
223 313 404 497 592 689 787 887 990
223 313 404 497 592 689 787 887 990
223 313 404 497 592 689 787 887 990
223 313 404 498 592 689 787 887 990
223 313 404 498 593 689 787 888 990
223 313 405 498 593 689 788 888 990
224 314 405 498 593 689 788 888 990
224 314 405 498 593 689 788 888 990
224 314 405 498 593 689 788 888 991
224 314 405 498 593 690 788 888 991
224 314 405 498 593 690 788 888 991
224 314 405 498 593 690 788 888 991
224 314 405 499 593 690 788 888 991
224 314 405 499 594 690 788 889 991
224 314 406 499 594 690 789 889 991
225 315 406 499 594 690 789 889 991
225 315 406 499 594 690 789 889 992
225 315 406 499 594 691 789 889 992
225 315 406 499 594 691 789 889 992
225 315 406 499 594 691 789 889 992
225 315 406 499 594 691 789 889 992
225 315 406 500 595 691 789 890 992
225 315 406 500 595 691 789 890 992
225 315 407 500 595 691 790 890 992
226 316 407 500 595 691 790 890 992
226 316 407 500 595 691 790 890 993
226 316 407 500 595 692 790 890 993
226 316 407 500 595 692 790 890 993
226 316 407 500 595 692 790 890 993
226 316 407 500 595 692 790 890 993
226 316 407 501 596 692 790 891 993
226 316 407 501 596 692 791 891 993
226 316 408 501 596 692 791 891 993
227 317 408 501 596 692 791 891 994
227 317 408 501 596 692 791 891 994
227 317 408 501 596 693 791 891 994
227 317 408 501 596 693 791 891 994
227 317 408 501 596 693 791 891 994
227 317 408 501 596 693 791 892 994
227 317 408 502 597 693 791 892 994
227 317 408 502 597 693 792 892 994
227 317 409 502 597 693 792 892 994
228 318 409 502 597 693 792 892 995
228 318 409 502 597 693 792 892 995
228 318 409 502 597 694 792 892 995
228 318 409 502 597 694 792 892 995
228 318 409 502 597 694 792 892 995
228 318 409 502 597 694 792 893 995
228 318 409 503 598 694 792 893 995
228 318 409 503 598 694 793 893 995
228 318 410 503 598 694 793 893 996
229 319 410 503 598 694 793 893 996
229 319 410 503 598 695 793 893 996
229 319 410 503 598 695 793 893 996
229 319 410 503 598 695 793 893 996
229 319 410 503 598 695 793 894 996
229 319 410 503 598 695 793 894 996
229 319 410 504 599 695 794 894 996
229 319 410 504 599 695 794 894 996
229 319 411 504 599 695 794 894 997
230 320 411 504 599 695 794 894 997
230 320 411 504 599 696 794 894 997
230 320 411 504 599 696 794 894 997
230 320 411 504 599 696 794 894 997
230 320 411 504 599 696 794 895 997
230 320 411 504 600 696 794 895 997
230 320 411 505 600 696 795 895 997
230 320 411 505 600 696 795 895 998
230 320 412 505 600 696 795 895 998
230 321 412 505 600 696 795 895 998
231 321 412 505 600 697 795 895 998
231 321 412 505 600 697 795 895 998
231 321 412 505 600 697 795 895 998
231 321 412 505 600 697 795 896 998
231 321 412 505 601 697 796 896 998
231 321 412 506 601 697 796 896 998
231 321 412 506 601 697 796 896 999
231 321 413 506 601 697 796 896 999
231 322 413 506 601 698 796 896 999
232 322 413 506 601 698 796 896 999
232 322 413 506 601 698 796 896 999
232 322 413 506 601 698 796 897 999
232 322 413 506 601 698 796 897 999
232 322 413 507 602 698 797 897 999
232 322 413 507 602 698 797 897 1000
232 322 413 507 602 698 797 897 1000
232 322 414 507 602 698 797 897 1000
232 323 414 507 602 699 797 897 1000
233 323 414 507 602 699 797 897 1000
233 323 414 507 602 699 797 897 1000
233 323 414 507 602 699 797 898 1000
233 323 414 507 602 699 797 898 1000
233 323 414 508 603 699 798 898 1000
233 323 414 508 603 699 798 898 1001
233 323 414 508 603 699 798 898 1001
233 323 415 508 603 699 798 898 1001
233 324 415 508 603 700 798 898 1001
234 324 415 508 603 700 798 898 1001
234 324 415 508 603 700 798 899 1001
234 324 415 508 603 700 798 899 1001
234 324 415 508 604 700 799 899 1001
234 324 415 509 604 700 799 899 1002
234 324 415 509 604 700 799 899 1002
234 324 415 509 604 700 799 899 1002
234 324 416 509 604 701 799 899 1002
234 325 416 509 604 701 799 899 1002
235 325 416 509 604 701 799 899 1002
235 325 416 509 604 701 799 900 1002
235 325 416 509 604 701 799 900 1002
235 325 416 509 605 701 800 900 1002
235 325 416 510 605 701 800 900 1003
235 325 416 510 605 701 800 900 1003
235 325 417 510 605 701 800 900 1003
235 325 417 510 605 702 800 900 1003
235 326 417 510 605 702 800 900 1003
236 326 417 510 605 702 800 901 1003
236 326 417 510 605 702 800 901 1003
236 326 417 510 605 702 801 901 1003
236 326 417 510 606 702 801 901 1004
236 326 417 511 606 702 801 901 1004
236 326 417 511 606 702 801 901 1004
236 326 418 511 606 702 801 901 1004
236 326 418 511 606 703 801 901 1004
236 327 418 511 606 703 801 901 1004
237 327 418 511 606 703 801 902 1004
237 327 418 511 606 703 801 902 1004
237 327 418 511 607 703 802 902 1004
237 327 418 511 607 703 802 902 1005
237 327 418 512 607 703 802 902 1005
237 327 418 512 607 703 802 902 1005
237 327 419 512 607 704 802 902 1005
237 327 419 512 607 704 802 902 1005
237 328 419 512 607 704 802 903 1005
238 328 419 512 607 704 802 903 1005
238 328 419 512 607 704 802 903 1005
238 328 419 512 608 704 803 903 1006
238 328 419 513 608 704 803 903 1006
238 328 419 513 608 704 803 903 1006
238 328 419 513 608 704 803 903 1006
238 328 420 513 608 705 803 903 1006
238 328 420 513 608 705 803 903 1006
238 329 420 513 608 705 803 904 1006
239 329 420 513 608 705 803 904 1006
239 329 420 513 608 705 804 904 1007
239 329 420 513 609 705 804 904 1007
239 329 420 514 609 705 804 904 1007
239 329 420 514 609 705 804 904 1007
239 329 420 514 609 705 804 904 1007
239 329 421 514 609 706 804 904 1007
239 329 421 514 609 706 804 905 1007
239 330 421 514 609 706 804 905 1007
240 330 421 514 609 706 804 905 1007
240 330 421 514 609 706 805 905 1008
240 330 421 514 610 706 805 905 1008
240 330 421 515 610 706 805 905 1008
240 330 421 515 610 706 805 905 1008
240 330 421 515 610 707 805 905 1008
240 330 422 515 610 707 805 905 1008
240 330 422 515 610 707 805 906 1008
240 331 422 515 610 707 805 906 1008
241 331 422 515 610 707 806 906 1009
241 331 422 515 611 707 806 906 1009
241 331 422 515 611 707 806 906 1009
241 331 422 516 611 707 806 906 1009
241 331 422 516 611 707 806 906 1009
241 331 422 516 611 708 806 906 1009
241 331 423 516 611 708 806 907 1009
241 331 423 516 611 708 806 907 1009
241 332 423 516 611 708 806 907 1009
242 332 423 516 611 708 807 907 1010
242 332 423 516 612 708 807 907 1010
242 332 423 516 612 708 807 907 1010
242 332 423 517 612 708 807 907 1010
242 332 423 517 612 708 807 907 1010
242 332 423 517 612 709 807 908 1010
242 332 424 517 612 709 807 908 1010
242 332 424 517 612 709 807 908 1010
242 333 424 517 612 709 808 908 1011
243 333 424 517 612 709 808 908 1011
243 333 424 517 613 709 808 908 1011
243 333 424 518 613 709 808 908 1011
243 333 424 518 613 709 808 908 1011
243 333 424 518 613 710 808 908 1011
243 333 424 518 613 710 808 909 1011
243 333 425 518 613 710 808 909 1011
243 333 425 518 613 710 808 909 1012
243 334 425 518 613 710 809 909 1012
244 334 425 518 614 710 809 909 1012
244 334 425 518 614 710 809 909 1012
244 334 425 519 614 710 809 909 1012
244 334 425 519 614 710 809 909 1012
244 334 425 519 614 711 809 910 1012
244 334 425 519 614 711 809 910 1012
244 334 426 519 614 711 809 910 1012
244 334 426 519 614 711 810 910 1013
244 335 426 519 614 711 810 910 1013
245 335 426 519 615 711 810 910 1013
245 335 426 519 615 711 810 910 1013
245 335 426 520 615 711 810 910 1013
245 335 426 520 615 712 810 910 1013
245 335 426 520 615 712 810 911 1013
245 335 426 520 615 712 810 911 1013
245 335 427 520 615 712 810 911 1014
245 335 427 520 615 712 811 911 1014
245 336 427 520 615 712 811 911 1014
246 336 427 520 616 712 811 911 1014
246 336 427 520 616 712 811 911 1014
246 336 427 521 616 712 811 911 1014
246 336 427 521 616 713 811 912 1014
246 336 427 521 616 713 811 912 1014
246 336 428 521 616 713 811 912 1015
246 336 428 521 616 713 812 912 1015
246 336 428 521 616 713 812 912 1015
246 337 428 521 617 713 812 912 1015
247 337 428 521 617 713 812 912 1015
247 337 428 522 617 713 812 912 1015
247 337 428 522 617 714 812 912 1015
247 337 428 522 617 714 812 913 1015
247 337 428 522 617 714 812 913 1015
247 337 429 522 617 714 812 913 1016
247 337 429 522 617 714 813 913 1016
247 338 429 522 617 714 813 913 1016
247 338 429 522 618 714 813 913 1016
248 338 429 522 618 714 813 913 1016
248 338 429 523 618 714 813 913 1016
248 338 429 523 618 715 813 914 1016
248 338 429 523 618 715 813 914 1016
248 338 429 523 618 715 813 914 1017
248 338 430 523 618 715 814 914 1017
248 338 430 523 618 715 814 914 1017
248 339 430 523 619 715 814 914 1017
248 339 430 523 619 715 814 914 1017
249 339 430 523 619 715 814 914 1017
249 339 430 524 619 716 814 915 1017
249 339 430 524 619 716 814 915 1017
249 339 430 524 619 716 814 915 1018
249 339 430 524 619 716 814 915 1018
249 339 431 524 619 716 815 915 1018
249 339 431 524 619 716 815 915 1018
249 340 431 524 620 716 815 915 1018
249 340 431 524 620 716 815 915 1018
250 340 431 524 620 716 815 915 1018
250 340 431 525 620 717 815 916 1018
250 340 431 525 620 717 815 916 1018
250 340 431 525 620 717 815 916 1019
250 340 431 525 620 717 816 916 1019
250 340 432 525 620 717 816 916 1019
250 340 432 525 620 717 816 916 1019
250 341 432 525 621 717 816 916 1019
250 341 432 525 621 717 816 916 1019
251 341 432 526 621 717 816 917 1019
251 341 432 526 621 718 816 917 1019
251 341 432 526 621 718 816 917 1020
251 341 432 526 621 718 816 917 1020
251 341 432 526 621 718 817 917 1020
251 341 433 526 621 718 817 917 1020
251 341 433 526 622 718 817 917 1020
251 342 433 526 622 718 817 917 1020
251 342 433 526 622 718 817 918 1020
252 342 433 527 622 719 817 918 1020
252 342 433 527 622 719 817 918 1021
252 342 433 527 622 719 817 918 1021
252 342 433 527 622 719 818 918 1021
252 342 433 527 622 719 818 918 1021
252 342 434 527 622 719 818 918 1021
252 342 434 527 623 719 818 918 1021
252 343 434 527 623 719 818 918 1021
252 343 434 527 623 719 818 919 1021
253 343 434 528 623 720 818 919 1021
253 343 434 528 623 720 818 919 1022
253 343 434 528 623 720 819 919 1022
253 343 434 528 623 720 819 919 1022
253 343 435 528 623 720 819 919 1022
253 343 435 528 624 720 819 919 1022
253 343 435 528 624 720 819 919 1022
253 344 435 528 624 720 819 920 1022
253 344 435 529 624 721 819 920 1022
254 344 435 529 624 721 819 920 1023
254 344 435 529 624 721 819 920 1023
254 344 435 529 624 721 820 920 1023
254 344 435 529 624 721 820 920 1023
254 344 436 529 624 721 820 920 1023
254 344 436 529 625 721 820 920 1023
254 344 436 529 625 721 820 921 1023
254 345 436 529 625 721 820 921 1023
254 345 436 530 625 722 820 921 1024
255 345 436 530 625 722 820 921 1024
255 345 436 530 625 722 821 921 1024
255 345 436 530 625 722 821 921 1024
255 345 436 530 625 722 821 921 1024
255 345 437 530 625 722 821 921 1024
255 345 437 530 626 722 821 921 1024
255 346 437 530 626 722 821 922 1024
255 346 437 530 626 723 821 922 1025
255 346 437 531 626 723 821 922 1025
256 346 437 531 626 723 821 922 1025
256 346 437 531 626 723 822 922 1025
256 346 437 531 626 723 822 922 1025
256 346 437 531 626 723 822 922 1025
256 346 438 531 627 723 822 922 1025
256 346 438 531 627 723 822 923 1025
256 347 438 531 627 723 822 923 1025
256 347 438 531 627 724 822 923 1026
256 347 438 532 627 724 822 923 1026
257 347 438 532 627 724 823 923 1026
257 347 438 532 627 724 823 923 1026
257 347 438 532 627 724 823 923 1026
257 347 438 532 627 724 823 923 1026
257 347 439 532 628 724 823 924 1026
257 347 439 532 628 724 823 924 1026
257 348 439 532 628 725 823 924 1027
257 348 439 533 628 725 823 924 1027
257 348 439 533 628 725 823 924 1027
258 348 439 533 628 725 824 924 1027
258 348 439 533 628 725 824 924 1027
258 348 439 533 628 725 824 924 1027
258 348 440 533 629 725 824 924 1027
258 348 440 533 629 725 824 925 1027
258 348 440 533 629 725 824 925 1028
258 349 440 533 629 726 824 925 1028
258 349 440 534 629 726 824 925 1028
258 349 440 534 629 726 825 925 1028
259 349 440 534 629 726 825 925 1028
259 349 440 534 629 726 825 925 1028
259 349 440 534 629 726 825 925 1028
259 349 441 534 630 726 825 926 1028
259 349 441 534 630 726 825 926 1028
259 349 441 534 630 727 825 926 1029
259 350 441 534 630 727 825 926 1029
259 350 441 535 630 727 826 926 1029
259 350 441 535 630 727 826 926 1029
260 350 441 535 630 727 826 926 1029
260 350 441 535 630 727 826 926 1029
260 350 441 535 631 727 826 927 1029
260 350 442 535 631 727 826 927 1029
260 350 442 535 631 728 826 927 1030
260 350 442 535 631 728 826 927 1030
260 351 442 536 631 728 826 927 1030
260 351 442 536 631 728 827 927 1030
260 351 442 536 631 728 827 927 1030
261 351 442 536 631 728 827 927 1030
261 351 442 536 631 728 827 927 1030
261 351 442 536 632 728 827 928 1030
261 351 443 536 632 728 827 928 1031
261 351 443 536 632 729 827 928 1031
261 352 443 536 632 729 827 928 1031
261 352 443 537 632 729 828 928 1031
261 352 443 537 632 729 828 928 1031
261 352 443 537 632 729 828 928 1031
262 352 443 537 632 729 828 928 1031
262 352 443 537 633 729 828 929 1031
262 352 443 537 633 729 828 929 1032
262 352 444 537 633 730 828 929 1032
262 352 444 537 633 730 828 929 1032
262 353 444 538 633 730 829 929 1032
262 353 444 538 633 730 829 929 1032
262 353 444 538 633 730 829 929 1032
262 353 444 538 633 730 829 929 1032
263 353 444 538 633 730 829 930 1032
263 353 444 538 634 730 829 930 1033
263 353 445 538 634 730 829 930 1033
263 353 445 538 634 731 829 930 1033
263 353 445 538 634 731 829 930 1033
263 354 445 539 634 731 830 930 1033
263 354 445 539 634 731 830 930 1033
263 354 445 539 634 731 830 930 1033
263 354 445 539 634 731 830 931 1033
264 354 445 539 635 731 830 931 1033
264 354 445 539 635 731 830 931 1034
264 354 446 539 635 732 830 931 1034
264 354 446 539 635 732 830 931 1034
264 354 446 539 635 732 831 931 1034
264 355 446 540 635 732 831 931 1034
264 355 446 540 635 732 831 931 1034
264 355 446 540 635 732 831 931 1034
264 355 446 540 635 732 831 932 1034
265 355 446 540 636 732 831 932 1035
265 355 446 540 636 732 831 932 1035
265 355 447 540 636 733 831 932 1035
265 355 447 540 636 733 832 932 1035
265 355 447 541 636 733 832 932 1035
265 356 447 541 636 733 832 932 1035
265 356 447 541 636 733 832 932 1035
265 356 447 541 636 733 832 933 1035
265 356 447 541 637 733 832 933 1036
266 356 447 541 637 733 832 933 1036
266 356 447 541 637 734 832 933 1036
266 356 448 541 637 734 832 933 1036
266 356 448 541 637 734 833 933 1036
266 357 448 542 637 734 833 933 1036
266 357 448 542 637 734 833 933 1036
266 357 448 542 637 734 833 934 1036
266 357 448 542 637 734 833 934 1037
267 357 448 542 638 734 833 934 1037
267 357 448 542 638 735 833 934 1037
267 357 449 542 638 735 833 934 1037
267 357 449 542 638 735 834 934 1037
267 357 449 543 638 735 834 934 1037
267 358 449 543 638 735 834 934 1037
267 358 449 543 638 735 834 935 1037
267 358 449 543 638 735 834 935 1038
267 358 449 543 639 735 834 935 1038
268 358 449 543 639 735 834 935 1038
268 358 449 543 639 736 834 935 1038
268 358 450 543 639 736 835 935 1038
268 358 450 543 639 736 835 935 1038
268 358 450 544 639 736 835 935 1038
268 359 450 544 639 736 835 935 1038
268 359 450 544 639 736 835 936 1038
268 359 450 544 639 736 835 936 1039
268 359 450 544 640 736 835 936 1039
269 359 450 544 640 737 835 936 1039
269 359 450 544 640 737 835 936 1039
269 359 451 544 640 737 836 936 1039
269 359 451 544 640 737 836 936 1039
269 359 451 545 640 737 836 936 1039
269 360 451 545 640 737 836 937 1039
269 360 451 545 640 737 836 937 1040
269 360 451 545 641 737 836 937 1040
269 360 451 545 641 737 836 937 1040
270 360 451 545 641 738 836 937 1040
270 360 452 545 641 738 837 937 1040
270 360 452 545 641 738 837 937 1040
270 360 452 546 641 738 837 937 1040
270 361 452 546 641 738 837 938 1040
270 361 452 546 641 738 837 938 1041
270 361 452 546 641 738 837 938 1041
270 361 452 546 642 738 837 938 1041
270 361 452 546 642 739 837 938 1041
271 361 452 546 642 739 838 938 1041
271 361 453 546 642 739 838 938 1041
271 361 453 546 642 739 838 938 1041
271 361 453 547 642 739 838 939 1041
271 362 453 547 642 739 838 939 1042
271 362 453 547 642 739 838 939 1042
271 362 453 547 643 739 838 939 1042
271 362 453 547 643 740 838 939 1042
271 362 453 547 643 740 838 939 1042
272 362 453 547 643 740 839 939 1042
272 362 454 547 643 740 839 939 1042
272 362 454 548 643 740 839 940 1042
272 362 454 548 643 740 839 940 1043
272 363 454 548 643 740 839 940 1043
272 363 454 548 643 740 839 940 1043
272 363 454 548 644 740 839 940 1043
272 363 454 548 644 741 839 940 1043
272 363 454 548 644 741 840 940 1043
273 363 454 548 644 741 840 940 1043
273 363 455 548 644 741 840 940 1043
273 363 455 549 644 741 840 941 1044
273 363 455 549 644 741 840 941 1044
273 364 455 549 644 741 840 941 1044
273 364 455 549 645 741 840 941 1044
273 364 455 549 645 742 840 941 1044
273 364 455 549 645 742 841 941 1044
274 364 455 549 645 742 841 941 1044
274 364 456 549 645 742 841 941 1044
274 364 456 550 645 742 841 942 1045
274 364 456 550 645 742 841 942 1045
274 365 456 550 645 742 841 942 1045
274 365 456 550 645 742 841 942 1045
274 365 456 550 646 743 841 942 1045
274 365 456 550 646 743 842 942 1045
274 365 456 550 646 743 842 942 1045
275 365 456 550 646 743 842 942 1045
275 365 457 550 646 743 842 943 1045
275 365 457 551 646 743 842 943 1046
275 365 457 551 646 743 842 943 1046
275 366 457 551 646 743 842 943 1046
275 366 457 551 647 743 842 943 1046
275 366 457 551 647 744 842 943 1046
275 366 457 551 647 744 843 943 1046
275 366 457 551 647 744 843 943 1046
276 366 457 551 647 744 843 944 1046
276 366 458 551 647 744 843 944 1047
276 366 458 552 647 744 843 944 1047
276 366 458 552 647 744 843 944 1047
276 367 458 552 648 744 843 944 1047
276 367 458 552 648 745 843 944 1047
276 367 458 552 648 745 844 944 1047
276 367 458 552 648 745 844 944 1047
276 367 458 552 648 745 844 945 1047
277 367 459 552 648 745 844 945 1048
277 367 459 553 648 745 844 945 1048
277 367 459 553 648 745 844 945 1048
277 368 459 553 648 745 844 945 1048
277 368 459 553 649 746 844 945 1048
277 368 459 553 649 746 845 945 1048
277 368 459 553 649 746 845 945 1048
277 368 459 553 649 746 845 946 1048
277 368 459 553 649 746 845 946 1049
278 368 460 553 649 746 845 946 1049
278 368 460 554 649 746 845 946 1049
278 368 460 554 649 746 845 946 1049
278 369 460 554 650 746 845 946 1049
278 369 460 554 650 747 846 946 1049
278 369 460 554 650 747 846 946 1049
278 369 460 554 650 747 846 947 1049
278 369 460 554 650 747 846 947 1050
278 369 460 554 650 747 846 947 1050
279 369 461 555 650 747 846 947 1050
279 369 461 555 650 747 846 947 1050
279 369 461 555 650 747 846 947 1050
279 370 461 555 651 748 846 947 1050
279 370 461 555 651 748 847 947 1050
279 370 461 555 651 748 847 947 1050
279 370 461 555 651 748 847 948 1051
279 370 461 555 651 748 847 948 1051
280 370 462 555 651 748 847 948 1051
280 370 462 556 651 748 847 948 1051
280 370 462 556 651 748 847 948 1051
280 370 462 556 652 749 847 948 1051
280 371 462 556 652 749 848 948 1051
280 371 462 556 652 749 848 948 1051
280 371 462 556 652 749 848 949 1052
280 371 462 556 652 749 848 949 1052
280 371 462 556 652 749 848 949 1052
281 371 463 557 652 749 848 949 1052
281 371 463 557 652 749 848 949 1052
281 371 463 557 653 750 848 949 1052
281 372 463 557 653 750 849 949 1052
281 372 463 557 653 750 849 949 1052
281 372 463 557 653 750 849 950 1053
281 372 463 557 653 750 849 950 1053
281 372 463 557 653 750 849 950 1053
281 372 463 557 653 750 849 950 1053
282 372 464 558 653 750 849 950 1053
282 372 464 558 653 750 849 950 1053
282 372 464 558 654 751 850 950 1053
282 373 464 558 654 751 850 950 1053
282 373 464 558 654 751 850 951 1054
282 373 464 558 654 751 850 951 1054
282 373 464 558 654 751 850 951 1054
282 373 464 558 654 751 850 951 1054
282 373 465 559 654 751 850 951 1054
283 373 465 559 654 751 850 951 1054
283 373 465 559 655 752 850 951 1054
283 373 465 559 655 752 851 951 1054
283 374 465 559 655 752 851 952 1055
283 374 465 559 655 752 851 952 1055
283 374 465 559 655 752 851 952 1055
283 374 465 559 655 752 851 952 1055
283 374 465 559 655 752 851 952 1055
283 374 466 560 655 752 851 952 1055
284 374 466 560 656 753 851 952 1055
284 374 466 560 656 753 852 952 1055
284 375 466 560 656 753 852 953 1056
284 375 466 560 656 753 852 953 1056
284 375 466 560 656 753 852 953 1056
284 375 466 560 656 753 852 953 1056
284 375 466 560 656 753 852 953 1056
284 375 467 561 656 753 852 953 1056
285 375 467 561 656 753 852 953 1056
285 375 467 561 657 754 853 953 1056
285 375 467 561 657 754 853 954 1057
285 376 467 561 657 754 853 954 1057
285 376 467 561 657 754 853 954 1057
285 376 467 561 657 754 853 954 1057
285 376 467 561 657 754 853 954 1057
285 376 467 562 657 754 853 954 1057
285 376 468 562 657 754 853 954 1057
286 376 468 562 658 755 854 954 1057
286 376 468 562 658 755 854 955 1058
286 377 468 562 658 755 854 955 1058
286 377 468 562 658 755 854 955 1058
286 377 468 562 658 755 854 955 1058
286 377 468 562 658 755 854 955 1058
286 377 468 562 658 755 854 955 1058
286 377 468 563 658 755 854 955 1058
286 377 469 563 659 756 855 955 1058
287 377 469 563 659 756 855 956 1059
287 377 469 563 659 756 855 956 1059
287 378 469 563 659 756 855 956 1059
287 378 469 563 659 756 855 956 1059
287 378 469 563 659 756 855 956 1059
287 378 469 563 659 756 855 956 1059
287 378 469 564 659 756 855 956 1059
287 378 470 564 659 757 855 956 1059
287 378 470 564 660 757 856 957 1059
288 378 470 564 660 757 856 957 1060
288 378 470 564 660 757 856 957 1060
288 379 470 564 660 757 856 957 1060
288 379 470 564 660 757 856 957 1060
288 379 470 564 660 757 856 957 1060
288 379 470 564 660 757 856 957 1060
288 379 470 565 660 757 856 957 1060
288 379 471 565 661 758 857 958 1060
289 379 471 565 661 758 857 958 1061
289 379 471 565 661 758 857 958 1061
289 380 471 565 661 758 857 958 1061
289 380 471 565 661 758 857 958 1061
289 380 471 565 661 758 857 958 1061
289 380 471 565 661 758 857 958 1061
289 380 471 566 661 758 857 958 1061
289 380 472 566 662 759 858 959 1061
289 380 472 566 662 759 858 959 1062
290 380 472 566 662 759 858 959 1062
290 380 472 566 662 759 858 959 1062
290 381 472 566 662 759 858 959 1062
290 381 472 566 662 759 858 959 1062
290 381 472 566 662 759 858 959 1062
290 381 472 566 662 759 858 959 1062
290 381 472 567 662 760 859 959 1062
290 381 473 567 663 760 859 960 1063
290 381 473 567 663 760 859 960 1063
291 381 473 567 663 760 859 960 1063
291 381 473 567 663 760 859 960 1063
291 382 473 567 663 760 859 960 1063
291 382 473 567 663 760 859 960 1063
291 382 473 567 663 760 859 960 1063
291 382 473 568 663 761 860 960 1063
291 382 473 568 664 761 860 961 1064
291 382 474 568 664 761 860 961 1064
291 382 474 568 664 761 860 961 1064
292 382 474 568 664 761 860 961 1064
292 383 474 568 664 761 860 961 1064
292 383 474 568 664 761 860 961 1064
292 383 474 568 664 761 860 961 1064
292 383 474 568 664 762 861 961 1064
292 383 474 569 665 762 861 962 1065
292 383 475 569 665 762 861 962 1065
292 383 475 569 665 762 861 962 1065
293 383 475 569 665 762 861 962 1065
293 383 475 569 665 762 861 962 1065
293 384 475 569 665 762 861 962 1065
293 384 475 569 665 762 861 962 1065
293 384 475 569 665 762 862 962 1065
293 384 475 570 665 763 862 963 1066
293 384 475 570 666 763 862 963 1066
293 384 476 570 666 763 862 963 1066
293 384 476 570 666 763 862 963 1066
294 384 476 570 666 763 862 963 1066
294 385 476 570 666 763 862 963 1066
294 385 476 570 666 763 862 963 1066
294 385 476 570 666 763 862 963 1067
294 385 476 571 666 764 863 964 1067
294 385 476 571 667 764 863 964 1067
294 385 477 571 667 764 863 964 1067
294 385 477 571 667 764 863 964 1067
294 385 477 571 667 764 863 964 1067
295 385 477 571 667 764 863 964 1067
295 386 477 571 667 764 863 964 1067
295 386 477 571 667 764 863 964 1068
295 386 477 571 667 765 864 965 1068
295 386 477 572 668 765 864 965 1068
295 386 477 572 668 765 864 965 1068
295 386 478 572 668 765 864 965 1068
295 386 478 572 668 765 864 965 1068
295 386 478 572 668 765 864 965 1068
296 386 478 572 668 765 864 965 1068
296 387 478 572 668 765 864 965 1069
296 387 478 572 668 766 865 966 1069
296 387 478 573 669 766 865 966 1069
296 387 478 573 669 766 865 966 1069
296 387 479 573 669 766 865 966 1069
296 387 479 573 669 766 865 966 1069
296 387 479 573 669 766 865 966 1069
297 387 479 573 669 766 865 966 1069
297 388 479 573 669 766 865 966 1070
297 388 479 573 669 767 866 967 1070
297 388 479 573 669 767 866 967 1070
297 388 479 574 670 767 866 967 1070
297 388 479 574 670 767 866 967 1070
297 388 480 574 670 767 866 967 1070
297 388 480 574 670 767 866 967 1070
297 388 480 574 670 767 866 967 1070
298 388 480 574 670 767 866 967 1071
298 389 480 574 670 767 867 968 1071
298 389 480 574 670 768 867 968 1071
298 389 480 575 671 768 867 968 1071
298 389 480 575 671 768 867 968 1071
298 389 480 575 671 768 867 968 1071
298 389 481 575 671 768 867 968 1071
298 389 481 575 671 768 867 968 1071
298 389 481 575 671 768 867 968 1072
299 390 481 575 671 768 868 969 1072
299 390 481 575 671 769 868 969 1072
299 390 481 576 672 769 868 969 1072
299 390 481 576 672 769 868 969 1072
299 390 481 576 672 769 868 969 1072
299 390 482 576 672 769 868 969 1072
299 390 482 576 672 769 868 969 1072
299 390 482 576 672 769 868 969 1073
300 390 482 576 672 769 869 970 1073
300 391 482 576 672 770 869 970 1073
300 391 482 576 672 770 869 970 1073
300 391 482 577 673 770 869 970 1073
300 391 482 577 673 770 869 970 1073
300 391 482 577 673 770 869 970 1073
300 391 483 577 673 770 869 970 1073
300 391 483 577 673 770 869 971 1074
300 391 483 577 673 770 870 971 1074
301 392 483 577 673 771 870 971 1074
301 392 483 577 673 771 870 971 1074
301 392 483 578 674 771 870 971 1074
301 392 483 578 674 771 870 971 1074
301 392 483 578 674 771 870 971 1074
301 392 484 578 674 771 870 971 1074
301 392 484 578 674 771 870 972 1075
301 392 484 578 674 771 871 972 1075
301 392 484 578 674 772 871 972 1075
302 393 484 578 674 772 871 972 1075
302 393 484 579 675 772 871 972 1075
302 393 484 579 675 772 871 972 1075
302 393 484 579 675 772 871 972 1075
302 393 484 579 675 772 871 972 1075
302 393 485 579 675 772 871 973 1076
302 393 485 579 675 772 872 973 1076
302 393 485 579 675 773 872 973 1076
303 393 485 579 675 773 872 973 1076
303 394 485 579 676 773 872 973 1076
303 394 485 580 676 773 872 973 1076
303 394 485 580 676 773 872 973 1076
303 394 485 580 676 773 872 973 1076
303 394 486 580 676 773 872 974 1077
303 394 486 580 676 773 873 974 1077
303 394 486 580 676 774 873 974 1077
303 394 486 580 676 774 873 974 1077
304 395 486 580 677 774 873 974 1077
304 395 486 581 677 774 873 974 1077
304 395 486 581 677 774 873 974 1077
304 395 486 581 677 774 873 974 1077
304 395 486 581 677 774 873 975 1078
304 395 487 581 677 774 874 975 1078
304 395 487 581 677 775 874 975 1078
304 395 487 581 677 775 874 975 1078
304 395 487 581 677 775 874 975 1078
305 396 487 582 678 775 874 975 1078
305 396 487 582 678 775 874 975 1078
305 396 487 582 678 775 874 975 1078
305 396 487 582 678 775 874 976 1079
305 396 488 582 678 775 875 976 1079
305 396 488 582 678 775 875 976 1079
305 396 488 582 678 776 875 976 1079
305 396 488 582 678 776 875 976 1079
306 397 488 582 679 776 875 976 1079
306 397 488 583 679 776 875 976 1079
306 397 488 583 679 776 875 976 1079
306 397 488 583 679 776 875 977 1080
306 397 488 583 679 776 875 977 1080
306 397 489 583 679 776 876 977 1080
306 397 489 583 679 777 876 977 1080
306 397 489 583 679 777 876 977 1080
306 397 489 583 680 777 876 977 1080
307 398 489 584 680 777 876 977 1080
307 398 489 584 680 777 876 977 1081
307 398 489 584 680 777 876 978 1081
307 398 489 584 680 777 876 978 1081
307 398 490 584 680 777 877 978 1081
307 398 490 584 680 778 877 978 1081
307 398 490 584 680 778 877 978 1081
307 398 490 584 681 778 877 978 1081
307 399 490 585 681 778 877 978 1081
308 399 490 585 681 778 877 978 1082
308 399 490 585 681 778 877 979 1082
308 399 490 585 681 778 877 979 1082
308 399 490 585 681 778 878 979 1082
308 399 491 585 681 779 878 979 1082
308 399 491 585 681 779 878 979 1082
308 399 491 585 682 779 878 979 1082
308 399 491 585 682 779 878 979 1082
309 400 491 586 682 779 878 979 1083
309 400 491 586 682 779 878 980 1083
309 400 491 586 682 779 878 980 1083
309 400 491 586 682 779 879 980 1083
309 400 492 586 682 780 879 980 1083
309 400 492 586 682 780 879 980 1083
309 400 492 586 682 780 879 980 1083
309 400 492 586 683 780 879 980 1083
309 401 492 587 683 780 879 980 1084
310 401 492 587 683 780 879 981 1084
310 401 492 587 683 780 879 981 1084
310 401 492 587 683 780 880 981 1084
310 401 492 587 683 781 880 981 1084
310 401 493 587 683 781 880 981 1084
310 401 493 587 683 781 880 981 1084
310 401 493 587 684 781 880 981 1084
310 401 493 588 684 781 880 981 1085
310 402 493 588 684 781 880 982 1085
311 402 493 588 684 781 880 982 1085
311 402 493 588 684 781 881 982 1085
311 402 493 588 684 782 881 982 1085
311 402 494 588 684 782 881 982 1085
311 402 494 588 684 782 881 982 1085
311 402 494 588 685 782 881 982 1085
311 402 494 588 685 782 881 983 1086
311 403 494 589 685 782 881 983 1086
312 403 494 589 685 782 881 983 1086
312 403 494 589 685 782 882 983 1086
312 403 494 589 685 783 882 983 1086
312 403 495 589 685 783 882 983 1086
312 403 495 589 685 783 882 983 1086
312 403 495 589 686 783 882 983 1086
312 403 495 589 686 783 882 984 1087
312 403 495 590 686 783 882 984 1087
312 404 495 590 686 783 882 984 1087
313 404 495 590 686 783 883 984 1087
313 404 495 590 686 784 883 984 1087
313 404 495 590 686 784 883 984 1087
313 404 496 590 686 784 883 984 1087
313 404 496 590 687 784 883 984 1088
313 404 496 590 687 784 883 985 1088
313 404 496 591 687 784 883 985 1088
313 405 496 591 687 784 883 985 1088
314 405 496 591 687 784 884 985 1088
314 405 496 591 687 785 884 985 1088
314 405 496 591 687 785 884 985 1088
314 405 497 591 687 785 884 985 1088
314 405 497 591 688 785 884 985 1089
314 405 497 591 688 785 884 986 1089
314 405 497 592 688 785 884 986 1089
314 405 497 592 688 785 884 986 1089
314 406 497 592 688 785 885 986 1089
315 406 497 592 688 786 885 986 1089
315 406 497 592 688 786 885 986 1089
315 406 497 592 688 786 885 986 1089
315 406 498 592 688 786 885 986 1090
315 406 498 592 689 786 885 987 1090
315 406 498 592 689 786 885 987 1090
315 406 498 593 689 786 885 987 1090
315 407 498 593 689 786 886 987 1090
315 407 498 593 689 787 886 987 1090
316 407 498 593 689 787 886 987 1090
316 407 498 593 689 787 886 987 1090
316 407 499 593 689 787 886 987 1091
316 407 499 593 690 787 886 988 1091
316 407 499 593 690 787 886 988 1091
316 407 499 594 690 787 886 988 1091
316 408 499 594 690 787 887 988 1091
316 408 499 594 690 788 887 988 1091
317 408 499 594 690 788 887 988 1091
317 408 499 594 690 788 887 988 1091
317 408 499 594 690 788 887 988 1092
317 408 500 594 691 788 887 989 1092
317 408 500 594 691 788 887 989 1092
317 408 500 595 691 788 888 989 1092
317 408 500 595 691 788 888 989 1092
317 409 500 595 691 789 888 989 1092
317 409 500 595 691 789 888 989 1092
318 409 500 595 691 789 888 989 1092
318 409 500 595 691 789 888 990 1093
318 409 501 595 692 789 888 990 1093
318 409 501 595 692 789 888 990 1093
318 409 501 596 692 789 889 990 1093
318 409 501 596 692 789 889 990 1093
318 410 501 596 692 790 889 990 1093
318 410 501 596 692 790 889 990 1093
319 410 501 596 692 790 889 990 1094
319 410 501 596 692 790 889 991 1094
319 410 501 596 693 790 889 991 1094
319 410 502 596 693 790 889 991 1094
319 410 502 596 693 790 890 991 1094
319 410 502 597 693 790 890 991 1094
319 410 502 597 693 791 890 991 1094
319 411 502 597 693 791 890 991 1094
319 411 502 597 693 791 890 991 1095
320 411 502 597 693 791 890 992 1095
320 411 502 597 694 791 890 992 1095
320 411 503 597 694 791 890 992 1095
320 411 503 597 694 791 891 992 1095
320 411 503 598 694 791 891 992 1095
320 411 503 598 694 792 891 992 1095
320 412 503 598 694 792 891 992 1095
320 412 503 598 694 792 891 992 1096
320 412 503 598 694 792 891 993 1096
321 412 503 598 695 792 891 993 1096
321 412 504 598 695 792 891 993 1096
321 412 504 598 695 792 892 993 1096
321 412 504 599 695 792 892 993 1096
321 412 504 599 695 793 892 993 1096
321 412 504 599 695 793 892 993 1096
321 413 504 599 695 793 892 993 1097
321 413 504 599 695 793 892 994 1097
322 413 504 599 696 793 892 994 1097
322 413 504 599 696 793 892 994 1097
322 413 505 599 696 793 893 994 1097
322 413 505 600 696 793 893 994 1097
322 413 505 600 696 794 893 994 1097
322 413 505 600 696 794 893 994 1097
322 414 505 600 696 794 893 995 1098
322 414 505 600 696 794 893 995 1098
322 414 505 600 697 794 893 995 1098
323 414 505 600 697 794 893 995 1098
323 414 506 600 697 794 894 995 1098
323 414 506 600 697 794 894 995 1098
323 414 506 601 697 795 894 995 1098
323 414 506 601 697 795 894 995 1099
323 414 506 601 697 795 894 996 1099
323 415 506 601 697 795 894 996 1099
323 415 506 601 697 795 894 996 1099
324 415 506 601 698 795 894 996 1099
324 415 506 601 698 795 895 996 1099
324 415 507 601 698 795 895 996 1099
324 415 507 602 698 796 895 996 1099
324 415 507 602 698 796 895 996 1100
324 415 507 602 698 796 895 997 1100
324 416 507 602 698 796 895 997 1100
324 416 507 602 698 796 895 997 1100
324 416 507 602 699 796 895 997 1100
325 416 507 602 699 796 896 997 1100
325 416 508 602 699 796 896 997 1100
325 416 508 603 699 797 896 997 1100
325 416 508 603 699 797 896 997 1101
325 416 508 603 699 797 896 998 1101
325 417 508 603 699 797 896 998 1101
325 417 508 603 699 797 896 998 1101
325 417 508 603 700 797 896 998 1101
326 417 508 603 700 797 897 998 1101
326 417 509 603 700 797 897 998 1101
326 417 509 604 700 798 897 998 1101
326 417 509 604 700 798 897 998 1102
326 417 509 604 700 798 897 999 1102
326 417 509 604 700 798 897 999 1102
326 418 509 604 700 798 897 999 1102
326 418 509 604 701 798 897 999 1102
326 418 509 604 701 798 898 999 1102
327 418 509 604 701 798 898 999 1102
327 418 510 605 701 799 898 999 1103
327 418 510 605 701 799 898 1000 1103
327 418 510 605 701 799 898 1000 1103
327 418 510 605 701 799 898 1000 1103
327 419 510 605 701 799 898 1000 1103
327 419 510 605 702 799 898 1000 1103
327 419 510 605 702 799 899 1000 1103
327 419 510 605 702 799 899 1000 1103
328 419 511 606 702 800 899 1000 1104
328 419 511 606 702 800 899 1001 1104
328 419 511 606 702 800 899 1001 1104
328 419 511 606 702 800 899 1001 1104
328 419 511 606 702 800 899 1001 1104
328 420 511 606 703 800 900 1001 1104
328 420 511 606 703 800 900 1001 1104
328 420 511 606 703 800 900 1001 1104
329 420 512 606 703 801 900 1001 1105
329 420 512 607 703 801 900 1002 1105
329 420 512 607 703 801 900 1002 1105
329 420 512 607 703 801 900 1002 1105
