123 311 514 704 893 1097 1284 1472 1671 1960
123 311 514 704 893 1097 1284 1472 1671 1959
123 311 514 704 893 1097 1284 1472 1671 1959
123 311 514 704 893 1097 1284 1472 1671 1959
123 311 514 704 893 1097 1284 1472 1671 1959
123 311 514 704 893 1097 1284 1472 1671 1959
123 311 514 703 893 1097 1284 1472 1671 1958
123 311 514 703 893 1096 1284 1472 1671 1958
123 311 514 703 893 1096 1284 1472 1671 1958
123 311 514 703 893 1096 1284 1472 1671 1958
123 311 514 703 893 1096 1284 1472 1671 1958
123 311 514 703 893 1096 1284 1472 1671 1957
123 311 514 703 892 1096 1284 1472 1671 1957
123 311 514 703 892 1096 1284 1472 1671 1957
123 311 514 703 892 1096 1284 1472 1671 1957
123 311 514 703 892 1096 1284 1472 1671 1957
123 311 514 703 892 1096 1284 1472 1670 1956
123 311 513 703 892 1096 1284 1472 1670 1956
123 311 513 703 892 1096 1284 1472 1670 1956
123 311 513 703 892 1096 1284 1472 1670 1956
123 311 513 703 892 1096 1284 1472 1670 1956
123 311 513 703 892 1096 1284 1471 1670 1955
123 311 513 703 892 1096 1284 1471 1670 1955
123 311 513 703 892 1096 1284 1471 1670 1955
123 311 513 703 892 1096 1284 1471 1670 1955
123 310 513 703 892 1096 1284 1471 1670 1954
123 310 513 703 892 1096 1284 1471 1670 1954
123 310 513 703 892 1096 1284 1471 1670 1954
123 310 513 703 892 1096 1284 1471 1670 1954
123 310 513 703 892 1096 1284 1471 1670 1954
123 310 513 703 892 1096 1284 1471 1670 1953
123 310 513 703 892 1096 1284 1471 1670 1953
123 310 513 703 892 1096 1284 1471 1670 1953
123 310 513 703 892 1096 1284 1471 1670 1953
123 310 513 703 892 1095 1284 1471 1670 1953
122 310 513 703 892 1095 1284 1471 1670 1952
122 310 513 703 892 1095 1284 1471 1670 1952
122 310 513 703 892 1095 1283 1471 1670 1952
122 310 513 703 892 1095 1283 1471 1670 1952
122 310 513 702 892 1095 1283 1471 1670 1952
122 310 513 702 892 1095 1283 1471 1670 1951
122 310 513 702 892 1095 1283 1471 1670 1951
122 310 513 702 892 1095 1283 1471 1670 1951
122 310 513 702 892 1095 1283 1471 1670 1951
122 310 513 702 892 1095 1283 1471 1670 1951
122 310 513 702 892 1095 1283 1471 1670 1950
122 310 513 702 892 1095 1283 1471 1670 1950
122 310 513 702 892 1095 1283 1471 1670 1950
122 310 513 702 892 1095 1283 1471 1670 1950
122 310 513 702 892 1095 1283 1471 1669 1950
122 310 513 702 892 1095 1283 1471 1669 1949
122 310 512 702 892 1095 1283 1471 1669 1949
122 310 512 702 892 1095 1283 1471 1669 1949
122 310 512 702 892 1095 1283 1471 1669 1949
122 310 512 702 892 1095 1283 1471 1669 1949
122 310 512 702 892 1095 1283 1471 1669 1948
122 310 512 702 892 1095 1283 1471 1669 1948
122 310 512 702 892 1095 1283 1471 1669 1948
122 310 512 702 892 1095 1283 1470 1669 1948
122 310 512 702 892 1095 1283 1470 1669 1948
122 310 512 702 892 1095 1283 1470 1669 1947
122 310 512 702 892 1095 1283 1470 1669 1947
122 310 512 702 892 1094 1283 1470 1669 1947
122 310 512 702 892 1094 1283 1470 1669 1947
122 310 512 702 892 1094 1283 1470 1669 1947
122 310 512 702 892 1094 1283 1470 1669 1946
122 310 512 702 892 1094 1283 1470 1669 1946
122 310 512 702 892 1094 1283 1470 1669 1946
122 310 512 702 892 1094 1283 1470 1669 1946
122 310 512 702 892 1094 1283 1470 1669 1946
122 310 512 702 892 1094 1283 1470 1669 1945
122 310 512 702 892 1094 1283 1470 1669 1945
122 310 512 702 892 1094 1283 1470 1669 1945
122 310 512 702 892 1094 1283 1470 1669 1945
122 310 512 702 892 1094 1283 1470 1669 1945
122 310 512 701 892 1094 1283 1470 1669 1944
122 310 512 701 892 1094 1283 1470 1669 1944
122 310 512 701 892 1094 1283 1470 1669 1944
122 310 512 701 892 1094 1283 1470 1669 1944
122 310 512 701 892 1094 1283 1470 1669 1944
122 310 512 701 892 1094 1283 1470 1669 1943
122 310 512 701 892 1094 1283 1470 1669 1943
122 310 512 701 892 1094 1283 1470 1669 1943
122 310 512 701 892 1094 1282 1470 1669 1943
122 310 512 701 892 1094 1282 1470 1668 1943
122 310 512 701 892 1094 1282 1470 1668 1942
122 310 512 701 892 1094 1282 1470 1668 1942
122 310 512 701 892 1094 1282 1470 1668 1942
122 310 511 701 892 1094 1282 1470 1668 1942
122 310 511 701 892 1094 1282 1470 1668 1942
121 310 511 701 892 1094 1282 1470 1668 1941
121 310 511 701 892 1094 1282 1470 1668 1941
121 310 511 701 892 1094 1282 1470 1668 1941
121 310 511 701 892 1093 1282 1470 1668 1941
121 310 511 701 892 1093 1282 1470 1668 1941
121 310 511 701 892 1093 1282 1470 1668 1941
121 310 511 701 892 1093 1282 1470 1668 1940
121 310 511 701 892 1093 1282 1470 1668 1940
121 310 511 701 892 1093 1282 1470 1668 1940
121 310 511 701 892 1093 1282 1470 1668 1940
121 310 511 701 892 1093 1282 1469 1668 1940
121 310 511 701 892 1093 1282 1469 1668 1939
121 310 511 701 892 1093 1282 1469 1668 1939
121 310 511 701 892 1093 1282 1469 1668 1939
121 310 511 701 892 1093 1282 1469 1668 1939
121 310 511 701 892 1093 1282 1469 1668 1939
121 310 511 701 892 1093 1282 1469 1668 1938
121 310 511 701 892 1093 1282 1469 1668 1938
121 310 511 701 891 1093 1282 1469 1668 1938
121 310 511 701 891 1093 1282 1469 1668 1938
121 310 511 701 891 1093 1282 1469 1668 1938
121 310 511 701 891 1093 1282 1469 1668 1938
121 310 511 701 891 1093 1282 1469 1668 1937
121 310 511 701 891 1093 1282 1469 1668 1937
121 310 511 701 891 1093 1282 1469 1668 1937
121 310 511 701 891 1093 1282 1469 1668 1937
121 310 511 700 891 1093 1282 1469 1668 1937
121 310 511 700 891 1093 1282 1469 1668 1936
121 310 511 700 891 1093 1282 1469 1668 1936
121 310 511 700 891 1093 1282 1469 1668 1936
121 310 511 700 891 1093 1282 1469 1668 1936
121 310 511 700 891 1093 1282 1469 1668 1936
121 310 511 700 891 1093 1282 1469 1668 1935
121 310 511 700 891 1093 1282 1469 1667 1935
121 310 511 700 891 1093 1282 1469 1667 1935
121 310 511 700 891 1093 1282 1469 1667 1935
121 310 511 700 891 1092 1282 1469 1667 1935
121 310 511 700 891 1092 1282 1469 1667 1935
121 310 511 700 891 1092 1282 1469 1667 1934
121 310 511 700 891 1092 1282 1469 1667 1934
121 310 510 700 891 1092 1282 1469 1667 1934
121 310 510 700 891 1092 1282 1469 1667 1934
121 310 510 700 891 1092 1282 1469 1667 1934
121 310 510 700 891 1092 1282 1469 1667 1933
121 310 510 700 891 1092 1282 1469 1667 1933
121 310 510 700 891 1092 1282 1469 1667 1933
121 310 510 700 891 1092 1281 1469 1667 1933
121 310 510 700 891 1092 1281 1469 1667 1933
121 310 510 700 891 1092 1281 1469 1667 1933
121 310 510 700 891 1092 1281 1469 1667 1932
121 310 510 700 891 1092 1281 1469 1667 1932
121 310 510 700 891 1092 1281 1469 1667 1932
121 310 510 700 891 1092 1281 1469 1667 1932
121 310 510 700 891 1092 1281 1469 1667 1932
121 310 510 700 891 1092 1281 1469 1667 1931
121 310 510 700 891 1092 1281 1469 1667 1931
121 310 510 700 891 1092 1281 1469 1667 1931
121 310 510 700 891 1092 1281 1469 1667 1931
121 310 510 700 891 1092 1281 1468 1667 1931
121 310 510 700 891 1092 1281 1468 1667 1931
121 310 510 700 891 1092 1281 1468 1667 1930
121 310 510 700 891 1092 1281 1468 1667 1930
121 310 510 700 891 1092 1281 1468 1667 1930
121 310 510 700 891 1092 1281 1468 1667 1930
121 310 510 700 891 1092 1281 1468 1667 1930
121 310 510 700 891 1092 1281 1468 1667 1929
121 310 510 700 891 1092 1281 1468 1667 1929
121 310 510 700 891 1092 1281 1468 1667 1929
121 310 510 700 891 1092 1281 1468 1667 1929
121 310 510 700 891 1092 1281 1468 1667 1929
120 310 510 700 891 1092 1281 1468 1667 1929
120 310 510 700 891 1092 1281 1468 1667 1928
120 310 510 700 891 1091 1281 1468 1667 1928
120 310 510 699 891 1091 1281 1468 1667 1928
120 310 510 699 891 1091 1281 1468 1667 1928
120 310 510 699 891 1091 1281 1468 1667 1928
120 310 510 699 891 1091 1281 1468 1667 1928
120 310 510 699 891 1091 1281 1468 1667 1927
120 310 510 699 891 1091 1281 1468 1666 1927
120 310 510 699 891 1091 1281 1468 1666 1927
120 310 510 699 891 1091 1281 1468 1666 1927
120 310 510 699 891 1091 1281 1468 1666 1927
120 310 510 699 891 1091 1281 1468 1666 1927
120 310 510 699 891 1091 1281 1468 1666 1926
120 310 510 699 891 1091 1281 1468 1666 1926
120 310 510 699 891 1091 1281 1468 1666 1926
120 310 510 699 891 1091 1281 1468 1666 1926
120 310 510 699 891 1091 1281 1468 1666 1926
120 310 509 699 891 1091 1281 1468 1666 1925
120 310 509 699 891 1091 1281 1468 1666 1925
120 310 509 699 891 1091 1281 1468 1666 1925
120 310 509 699 891 1091 1281 1468 1666 1925
120 310 509 699 891 1091 1281 1468 1666 1925
120 310 509 699 891 1091 1281 1468 1666 1925
120 310 509 699 891 1091 1281 1468 1666 1924
120 310 509 699 891 1091 1281 1468 1666 1924
120 310 509 699 891 1091 1281 1468 1666 1924
120 310 509 699 891 1091 1281 1468 1666 1924
120 310 509 699 891 1091 1281 1468 1666 1924
120 310 509 699 891 1091 1281 1468 1666 1924
120 310 509 699 891 1091 1281 1468 1666 1923
120 310 509 699 891 1091 1281 1468 1666 1923
120 310 509 699 891 1091 1281 1468 1666 1923
120 310 509 699 891 1091 1281 1468 1666 1923
120 310 509 699 891 1091 1281 1468 1666 1923
120 310 509 699 891 1091 1281 1468 1666 1923
120 310 509 699 891 1091 1281 1468 1666 1922
120 310 509 699 891 1091 1281 1468 1666 1922
120 310 509 699 891 1091 1281 1468 1666 1922
120 310 509 699 891 1091 1281 1468 1666 1922
120 310 509 699 891 1091 1281 1468 1666 1922
120 310 509 699 891 1091 1281 1468 1666 1922
120 310 509 699 891 1090 1281 1468 1666 1921
120 310 509 699 891 1090 1280 1468 1666 1921
120 310 509 699 891 1090 1280 1468 1666 1921
120 310 509 699 891 1090 1280 1468 1666 1921
120 310 509 699 891 1090 1280 1468 1666 1921
120 310 509 699 891 1090 1280 1468 1666 1921
120 310 509 699 891 1090 1280 1468 1666 1920
120 310 509 699 891 1090 1280 1467 1666 1920
120 310 509 699 891 1090 1280 1467 1666 1920
120 310 509 699 891 1090 1280 1467 1666 1920
120 310 509 699 891 1090 1280 1467 1666 1920
120 310 509 699 891 1090 1280 1467 1666 1920
120 310 509 699 891 1090 1280 1467 1666 1919
120 310 509 699 891 1090 1280 1467 1666 1919
120 310 509 699 891 1090 1280 1467 1666 1919
120 310 509 699 891 1090 1280 1467 1666 1919
120 310 509 699 891 1090 1280 1467 1666 1919
120 310 509 699 891 1090 1280 1467 1666 1919
120 310 509 698 891 1090 1280 1467 1665 1918
120 310 509 698 891 1090 1280 1467 1665 1918
120 310 509 698 891 1090 1280 1467 1665 1918
120 310 509 698 891 1090 1280 1467 1665 1918
120 310 509 698 891 1090 1280 1467 1665 1918
120 310 509 698 891 1090 1280 1467 1665 1918
120 310 509 698 891 1090 1280 1467 1665 1917
120 310 509 698 891 1090 1280 1467 1665 1917
120 310 509 698 891 1090 1280 1467 1665 1917
120 310 509 698 891 1090 1280 1467 1665 1917
120 310 509 698 891 1090 1280 1467 1665 1917
120 310 509 698 891 1090 1280 1467 1665 1917
120 310 509 698 891 1090 1280 1467 1665 1917
120 310 509 698 891 1090 1280 1467 1665 1916
120 310 509 698 891 1090 1280 1467 1665 1916
120 310 509 698 891 1090 1280 1467 1665 1916
120 310 509 698 891 1090 1280 1467 1665 1916
120 310 508 698 891 1090 1280 1467 1665 1916
120 310 508 698 891 1090 1280 1467 1665 1916
120 310 508 698 891 1090 1280 1467 1665 1915
120 310 508 698 891 1090 1280 1467 1665 1915
120 310 508 698 891 1090 1280 1467 1665 1915
120 310 508 698 891 1090 1280 1467 1665 1915
120 310 508 698 891 1090 1280 1467 1665 1915
120 310 508 698 891 1090 1280 1467 1665 1915
120 310 508 698 891 1090 1280 1467 1665 1914
120 310 508 698 891 1090 1280 1467 1665 1914
120 310 508 698 891 1090 1280 1467 1665 1914
120 310 508 698 891 1090 1280 1467 1665 1914
120 310 508 698 891 1089 1280 1467 1665 1914
120 310 508 698 891 1089 1280 1467 1665 1914
120 310 508 698 891 1089 1280 1467 1665 1914
120 310 508 698 891 1089 1280 1467 1665 1913
120 310 508 698 891 1089 1280 1467 1665 1913
120 310 508 698 891 1089 1280 1467 1665 1913
120 310 508 698 891 1089 1280 1467 1665 1913
120 310 508 698 891 1089 1280 1467 1665 1913
120 310 508 698 891 1089 1280 1467 1665 1913
120 310 508 698 891 1089 1280 1467 1665 1912
120 310 508 698 891 1089 1280 1467 1665 1912
120 310 508 698 891 1089 1280 1467 1665 1912
120 310 508 698 891 1089 1280 1467 1665 1912
120 310 508 698 891 1089 1280 1467 1665 1912
120 310 508 698 891 1089 1280 1467 1665 1912
120 310 508 698 891 1089 1280 1467 1665 1912
120 310 508 698 891 1089 1280 1467 1665 1911
120 310 508 698 891 1089 1280 1467 1665 1911
120 310 508 698 891 1089 1280 1467 1665 1911
120 310 508 698 891 1089 1280 1467 1665 1911
120 310 508 698 891 1089 1280 1467 1665 1911
120 310 508 698 891 1089 1280 1467 1665 1911
120 310 508 698 891 1089 1280 1467 1665 1910
120 310 508 698 891 1089 1280 1467 1665 1910
120 310 508 698 891 1089 1280 1467 1665 1910
120 310 508 698 891 1089 1280 1467 1665 1910
120 310 508 698 891 1089 1280 1467 1665 1910
120 310 508 698 891 1089 1280 1467 1665 1910
120 310 508 698 891 1089 1280 1467 1665 1910
120 310 508 698 891 1089 1280 1467 1665 1909
120 310 508 698 891 1089 1280 1467 1665 1909
120 310 508 698 891 1089 1280 1467 1665 1909
120 310 508 698 891 1089 1280 1467 1665 1909
120 310 508 698 891 1089 1280 1467 1665 1909
120 310 508 698 891 1089 1280 1467 1665 1909
120 310 508 698 891 1089 1280 1467 1665 1908
120 310 508 698 891 1089 1280 1467 1665 1908
120 310 508 698 891 1089 1280 1467 1665 1908
119 310 508 698 891 1089 1280 1467 1665 1908
119 310 508 698 891 1089 1280 1467 1664 1908
119 310 508 698 891 1089 1280 1467 1664 1908
119 310 508 698 891 1089 1280 1467 1664 1908
119 310 508 698 891 1089 1280 1467 1664 1907
119 310 508 698 891 1089 1280 1467 1664 1907
119 310 508 698 891 1089 1280 1467 1664 1907
119 310 508 698 891 1089 1280 1467 1664 1907
119 310 508 698 891 1089 1280 1467 1664 1907
119 310 508 698 891 1089 1280 1467 1664 1907
119 310 508 698 891 1089 1280 1467 1664 1907
119 310 508 698 891 1089 1280 1467 1664 1906
119 310 508 698 891 1089 1280 1467 1664 1906
119 310 508 698 891 1089 1280 1467 1664 1906
119 310 508 697 891 1089 1280 1467 1664 1906
119 310 508 697 891 1089 1280 1466 1664 1906
119 310 508 697 891 1089 1280 1466 1664 1906
119 310 508 697 891 1089 1280 1466 1664 1906
119 310 508 697 891 1089 1280 1466 1664 1905
119 310 508 697 891 1089 1280 1466 1664 1905
119 310 508 697 891 1088 1280 1466 1664 1905
119 310 508 697 891 1088 1280 1466 1664 1905
119 310 508 697 891 1088 1280 1466 1664 1905
119 310 508 697 891 1088 1279 1466 1664 1905
119 310 508 697 891 1088 1279 1466 1664 1905
119 310 508 697 891 1088 1279 1466 1664 1904
119 310 508 697 891 1088 1279 1466 1664 1904
119 310 508 697 891 1088 1279 1466 1664 1904
119 310 508 697 891 1088 1279 1466 1664 1904
119 310 508 697 891 1088 1279 1466 1664 1904
119 310 508 697 891 1088 1279 1466 1664 1904
119 310 508 697 891 1088 1279 1466 1664 1904
119 310 508 697 891 1088 1279 1466 1664 1903
119 310 508 697 891 1088 1279 1466 1664 1903
119 310 508 697 891 1088 1279 1466 1664 1903
119 310 508 697 891 1088 1279 1466 1664 1903
119 310 508 697 891 1088 1279 1466 1664 1903
119 310 507 697 891 1088 1279 1466 1664 1903
119 310 507 697 891 1088 1279 1466 1664 1903
119 310 507 697 891 1088 1279 1466 1664 1902
119 310 507 697 891 1088 1279 1466 1664 1902
119 310 507 697 891 1088 1279 1466 1664 1902
119 310 507 697 891 1088 1279 1466 1664 1902
119 310 507 697 891 1088 1279 1466 1664 1902
119 310 507 697 891 1088 1279 1466 1664 1902
119 310 507 697 891 1088 1279 1466 1664 1902
119 310 507 697 891 1088 1279 1466 1664 1902
119 310 507 697 891 1088 1279 1466 1664 1901
119 310 507 697 891 1088 1279 1466 1664 1901
119 310 507 697 891 1088 1279 1466 1664 1901
119 310 507 697 891 1088 1279 1466 1664 1901
119 310 507 697 891 1088 1279 1466 1664 1901
119 310 507 697 891 1088 1279 1466 1664 1901
119 310 507 697 891 1088 1279 1466 1664 1901
119 310 507 697 891 1088 1279 1466 1664 1900
119 310 507 697 891 1088 1279 1466 1664 1900
119 310 507 697 891 1088 1279 1466 1664 1900
119 310 507 697 891 1088 1279 1466 1664 1900
119 310 507 697 891 1088 1279 1466 1664 1900
119 310 507 697 891 1088 1279 1466 1664 1900
119 310 507 697 891 1088 1279 1466 1664 1900
119 310 507 697 891 1088 1279 1466 1664 1899
119 310 507 697 891 1088 1279 1466 1664 1899
119 310 507 697 891 1088 1279 1466 1664 1899
119 310 507 697 891 1088 1279 1466 1664 1899
119 311 507 697 891 1088 1279 1466 1664 1899
119 311 507 697 891 1088 1279 1466 1664 1899
119 311 507 697 891 1088 1279 1466 1664 1899
119 311 507 697 891 1088 1279 1466 1664 1899
119 311 507 697 891 1088 1279 1466 1664 1898
119 311 507 697 891 1088 1279 1466 1664 1898
119 311 507 697 891 1088 1279 1466 1664 1898
119 311 507 697 891 1088 1279 1466 1664 1898
119 311 507 697 891 1088 1279 1466 1664 1898
119 311 507 697 891 1088 1279 1466 1664 1898
119 311 507 697 891 1088 1279 1466 1664 1898
119 311 507 697 891 1088 1279 1466 1664 1898
119 311 507 697 891 1088 1279 1466 1664 1897
119 311 507 697 891 1088 1279 1466 1664 1897
119 311 507 697 891 1088 1279 1466 1664 1897
119 311 507 697 891 1088 1279 1466 1664 1897
119 311 507 697 891 1088 1279 1466 1664 1897
119 311 507 697 891 1088 1279 1466 1664 1897
119 311 507 697 891 1088 1279 1466 1664 1897
119 311 507 697 891 1088 1279 1466 1664 1896
119 311 507 697 891 1088 1279 1466 1664 1896
119 311 507 697 891 1088 1279 1466 1664 1896
119 311 507 697 891 1088 1279 1466 1664 1896
119 311 507 697 891 1088 1279 1466 1664 1896
119 311 507 697 891 1088 1279 1466 1664 1896
119 311 507 697 891 1088 1279 1466 1664 1896
119 311 507 697 891 1088 1279 1466 1664 1896
119 311 507 697 891 1088 1279 1466 1664 1895
119 311 507 697 891 1088 1279 1466 1664 1895
119 311 507 697 891 1088 1279 1466 1664 1895
119 311 507 697 891 1088 1279 1466 1664 1895
119 311 507 697 891 1088 1279 1466 1664 1895
119 311 507 697 891 1088 1279 1466 1664 1895
119 311 507 697 891 1088 1279 1466 1664 1895
119 311 507 697 891 1088 1279 1466 1664 1895
119 311 507 697 891 1088 1279 1466 1664 1894
119 311 507 697 891 1088 1279 1466 1664 1894
119 311 507 697 891 1088 1279 1466 1664 1894
119 311 507 697 892 1088 1279 1466 1664 1894
119 311 507 697 892 1087 1279 1466 1664 1894
119 311 507 697 892 1087 1279 1466 1664 1894
119 311 507 697 892 1087 1279 1466 1664 1894
119 311 507 697 892 1087 1279 1466 1664 1894
119 311 507 697 892 1087 1279 1466 1664 1893
119 311 507 697 892 1087 1279 1466 1664 1893
119 311 507 697 892 1087 1279 1466 1664 1893
119 311 507 697 892 1087 1279 1466 1664 1893
119 311 507 697 892 1087 1279 1466 1664 1893
119 311 507 697 892 1087 1279 1466 1664 1893
119 311 507 697 892 1087 1279 1466 1664 1893
119 311 507 697 892 1087 1279 1466 1664 1893
119 311 507 697 892 1087 1279 1466 1664 1892
119 311 507 697 892 1087 1279 1466 1664 1892
119 311 507 697 892 1087 1279 1466 1664 1892
119 311 507 697 892 1087 1279 1466 1664 1892
120 311 507 697 892 1087 1279 1466 1664 1892
120 311 507 697 892 1087 1279 1466 1664 1892
120 311 507 697 892 1087 1279 1466 1664 1892
120 311 507 697 892 1087 1279 1466 1664 1892
120 311 507 697 892 1087 1279 1466 1664 1892
120 311 507 697 892 1087 1279 1466 1664 1891
120 311 507 697 892 1087 1279 1466 1664 1891
120 311 507 697 892 1087 1279 1466 1664 1891
120 311 507 697 892 1087 1279 1466 1664 1891
120 311 507 697 892 1087 1279 1466 1664 1891
120 311 507 697 892 1087 1279 1466 1664 1891
120 311 507 697 892 1087 1279 1466 1663 1891
120 311 507 697 892 1087 1279 1466 1663 1891
120 311 507 697 892 1087 1279 1466 1663 1890
120 311 507 697 892 1087 1279 1466 1663 1890
120 311 507 697 892 1087 1279 1466 1663 1890
120 311 507 697 892 1087 1279 1466 1663 1890
120 311 507 697 892 1087 1279 1466 1663 1890
120 311 507 697 892 1087 1279 1466 1663 1890
120 311 507 697 892 1087 1279 1466 1663 1890
120 311 507 697 892 1087 1279 1466 1663 1890
120 311 507 697 892 1087 1279 1466 1663 1890
120 311 507 697 892 1087 1279 1466 1663 1889
120 311 507 697 892 1087 1279 1466 1663 1889
120 311 507 697 892 1087 1279 1466 1663 1889
120 311 507 697 892 1087 1279 1466 1663 1889
120 311 507 697 892 1087 1279 1466 1663 1889
120 311 507 697 892 1087 1279 1466 1663 1889
120 311 507 697 892 1087 1279 1466 1663 1889
120 311 507 697 892 1087 1279 1466 1663 1889
120 311 507 697 892 1087 1279 1466 1663 1888
120 311 507 697 892 1087 1279 1466 1663 1888
120 311 507 697 892 1087 1279 1466 1663 1888
120 311 507 697 892 1087 1279 1466 1663 1888
120 311 507 697 892 1087 1279 1466 1663 1888
120 312 507 697 892 1087 1279 1466 1663 1888
120 312 507 697 892 1087 1279 1466 1663 1888
120 312 507 697 892 1087 1279 1466 1663 1888
120 312 507 697 892 1087 1279 1466 1663 1888
120 312 507 697 892 1087 1279 1466 1663 1887
120 312 507 697 892 1087 1279 1466 1663 1887
120 312 507 697 892 1087 1279 1466 1663 1887
120 312 507 697 892 1087 1279 1466 1663 1887
120 312 507 697 892 1087 1279 1466 1663 1887
120 312 507 697 892 1087 1279 1466 1663 1887
120 312 507 697 892 1087 1279 1466 1663 1887
120 312 507 697 892 1087 1279 1466 1663 1887
120 312 507 697 892 1087 1279 1466 1663 1887
120 312 507 697 892 1087 1279 1466 1663 1886
120 312 507 697 892 1087 1279 1466 1663 1886
120 312 507 697 892 1087 1279 1466 1663 1886
120 312 507 697 892 1087 1279 1466 1663 1886
120 312 507 697 892 1087 1279 1466 1663 1886
120 312 507 697 892 1087 1279 1466 1663 1886
120 312 507 697 892 1087 1279 1466 1663 1886
120 312 507 697 892 1087 1279 1466 1663 1886
120 312 507 697 892 1087 1279 1466 1663 1886
120 312 507 697 892 1087 1279 1466 1663 1886
120 312 507 697 892 1087 1279 1466 1663 1885
120 312 507 697 892 1087 1279 1466 1663 1885
120 312 507 697 892 1087 1279 1466 1663 1885
120 312 507 697 892 1087 1279 1466 1663 1885
120 312 507 697 892 1087 1279 1466 1663 1885
120 312 507 697 892 1087 1279 1466 1663 1885
120 312 507 697 892 1087 1279 1466 1663 1885
120 312 507 697 892 1087 1279 1466 1663 1885
120 312 507 697 892 1087 1279 1466 1663 1885
120 312 507 697 892 1087 1279 1466 1663 1884
120 312 507 697 892 1087 1279 1466 1663 1884
120 312 507 697 892 1087 1279 1466 1663 1884
120 312 507 697 892 1087 1279 1466 1663 1884
120 312 507 697 892 1087 1279 1466 1663 1884
120 312 507 697 892 1087 1279 1466 1663 1884
120 312 507 697 892 1087 1279 1466 1663 1884
120 312 507 697 892 1087 1279 1466 1663 1884
120 312 507 697 892 1087 1279 1466 1663 1884
120 312 507 697 892 1087 1279 1466 1663 1884
120 312 507 697 892 1087 1279 1466 1663 1883
120 312 507 697 892 1087 1279 1466 1663 1883
120 312 507 697 893 1087 1279 1466 1663 1883
120 312 507 697 893 1087 1279 1466 1663 1883
120 312 507 697 893 1087 1280 1466 1663 1883
120 312 507 697 893 1087 1280 1466 1663 1883
120 312 507 697 893 1087 1280 1466 1663 1883
120 312 507 697 893 1087 1280 1466 1663 1883
120 312 507 697 893 1087 1280 1467 1663 1883
120 312 507 697 893 1087 1280 1467 1663 1882
120 312 507 697 893 1087 1280 1467 1663 1882
120 312 507 697 893 1087 1280 1467 1663 1882
120 312 507 697 893 1087 1280 1467 1663 1882
120 312 507 697 893 1087 1280 1467 1663 1882
120 312 507 697 893 1087 1280 1467 1663 1882
120 312 507 697 893 1087 1280 1467 1663 1882
120 312 507 697 893 1087 1280 1467 1663 1882
120 312 507 697 893 1087 1280 1467 1663 1882
120 312 507 697 893 1087 1280 1467 1664 1882
120 312 507 697 893 1087 1280 1467 1664 1881
120 312 507 697 893 1087 1280 1467 1664 1881
120 312 507 697 893 1087 1280 1467 1664 1881
120 312 507 697 893 1087 1280 1467 1664 1881
120 313 507 697 893 1087 1280 1467 1664 1881
120 313 507 697 893 1087 1280 1467 1664 1881
120 313 507 697 893 1087 1280 1467 1664 1881
120 313 507 697 893 1087 1280 1467 1664 1881
120 313 507 697 893 1087 1280 1467 1664 1881
120 313 507 697 893 1087 1280 1467 1664 1881
120 313 507 697 893 1087 1280 1467 1664 1881
120 313 507 697 893 1087 1280 1467 1664 1880
120 313 507 697 893 1087 1280 1467 1664 1880
120 313 507 697 893 1087 1280 1467 1664 1880
120 313 507 697 893 1087 1280 1467 1664 1880
120 313 507 697 893 1087 1280 1467 1664 1880
120 313 507 697 893 1087 1280 1467 1664 1880
120 313 507 697 893 1087 1280 1467 1664 1880
120 313 507 697 893 1087 1280 1467 1664 1880
120 313 507 697 893 1087 1280 1467 1664 1880
120 313 507 697 893 1087 1280 1467 1664 1880
120 313 507 697 893 1087 1280 1467 1664 1879
120 313 507 697 893 1087 1280 1467 1664 1879
120 313 507 697 893 1087 1280 1467 1664 1879
120 313 507 697 893 1087 1280 1467 1664 1879
120 313 507 697 893 1087 1280 1467 1664 1879
120 313 507 697 893 1087 1280 1467 1664 1879
120 313 507 697 893 1087 1280 1467 1664 1879
120 313 507 697 893 1087 1280 1467 1664 1879
120 313 507 697 893 1087 1280 1467 1664 1879
121 313 507 697 893 1087 1280 1467 1664 1879
121 313 507 697 893 1087 1280 1467 1664 1879
121 313 507 697 893 1087 1280 1467 1664 1878
121 313 507 697 893 1087 1280 1467 1664 1878
121 313 507 697 893 1087 1280 1467 1664 1878
121 313 507 697 893 1087 1280 1467 1664 1878
121 313 507 697 893 1087 1280 1467 1664 1878
121 313 507 697 893 1087 1280 1467 1664 1878
121 313 507 697 893 1087 1280 1467 1664 1878
121 313 507 697 893 1087 1280 1467 1664 1878
121 313 507 697 893 1087 1280 1467 1664 1878
121 313 507 697 893 1087 1280 1467 1664 1878
121 313 507 697 893 1087 1280 1467 1664 1878
121 313 507 697 893 1087 1280 1467 1664 1877
121 313 507 697 893 1087 1280 1467 1664 1877
121 313 507 697 893 1087 1280 1467 1664 1877
121 313 507 698 893 1087 1280 1467 1664 1877
121 313 507 698 893 1087 1280 1467 1664 1877
121 313 507 698 893 1087 1280 1467 1664 1877
121 313 507 698 893 1087 1280 1467 1664 1877
121 313 507 698 894 1087 1280 1467 1664 1877
121 313 507 698 894 1087 1280 1467 1664 1877
121 313 507 698 894 1087 1280 1467 1664 1877
121 313 507 698 894 1087 1280 1467 1664 1877
121 313 507 698 894 1087 1280 1467 1664 1877
121 313 507 698 894 1087 1280 1467 1664 1876
121 313 508 698 894 1087 1280 1467 1664 1876
121 313 508 698 894 1087 1280 1467 1664 1876
121 313 508 698 894 1087 1280 1467 1664 1876
121 314 508 698 894 1087 1280 1467 1664 1876
121 314 508 698 894 1087 1280 1467 1664 1876
121 314 508 698 894 1087 1280 1467 1664 1876
121 314 508 698 894 1087 1280 1467 1664 1876
121 314 508 698 894 1087 1280 1467 1664 1876
121 314 508 698 894 1087 1280 1467 1664 1876
121 314 508 698 894 1087 1280 1467 1664 1876
121 314 508 698 894 1087 1280 1467 1664 1875
121 314 508 698 894 1087 1280 1467 1664 1875
121 314 508 698 894 1087 1280 1467 1664 1875
121 314 508 698 894 1087 1280 1467 1664 1875
121 314 508 698 894 1087 1280 1467 1664 1875
121 314 508 698 894 1087 1280 1467 1664 1875
121 314 508 698 894 1087 1280 1467 1664 1875
121 314 508 698 894 1087 1280 1467 1664 1875
121 314 508 698 894 1087 1280 1467 1664 1875
121 314 508 698 894 1087 1280 1467 1664 1875
121 314 508 698 894 1087 1280 1467 1664 1875
121 314 508 698 894 1087 1280 1467 1664 1875
121 314 508 698 894 1087 1280 1467 1664 1875
121 314 508 698 894 1087 1280 1467 1664 1874
121 314 508 698 894 1087 1280 1467 1664 1874
121 314 508 698 894 1087 1280 1467 1664 1874
121 314 508 698 894 1087 1280 1467 1664 1874
121 314 508 698 894 1087 1280 1468 1664 1874
121 314 508 698 894 1087 1280 1468 1664 1874
121 314 508 698 894 1087 1280 1468 1664 1874
121 314 508 698 894 1087 1280 1468 1664 1874
121 314 508 698 894 1087 1280 1468 1664 1874
121 314 508 698 894 1087 1280 1468 1664 1874
121 314 508 698 894 1087 1280 1468 1664 1874
121 314 508 698 894 1087 1280 1468 1664 1874
121 314 508 698 894 1087 1280 1468 1664 1873
121 314 508 698 894 1087 1280 1468 1664 1873
121 314 508 698 894 1087 1281 1468 1664 1873
121 314 508 698 894 1087 1281 1468 1664 1873
121 314 508 698 894 1087 1281 1468 1664 1873
121 314 508 698 894 1087 1281 1468 1664 1873
121 314 508 698 894 1087 1281 1468 1664 1873
121 314 508 698 894 1087 1281 1468 1664 1873
121 314 508 698 894 1087 1281 1468 1664 1873
122 314 508 698 894 1087 1281 1468 1664 1873
122 314 508 698 894 1087 1281 1468 1664 1873
122 314 508 698 894 1087 1281 1468 1664 1873
122 314 508 698 894 1087 1281 1468 1664 1873
122 314 508 698 894 1087 1281 1468 1664 1872
122 314 508 698 895 1087 1281 1468 1664 1872
122 315 508 698 895 1087 1281 1468 1664 1872
122 315 508 698 895 1087 1281 1468 1664 1872
122 315 508 698 895 1087 1281 1468 1664 1872
122 315 508 698 895 1087 1281 1468 1664 1872
122 315 508 698 895 1087 1281 1468 1664 1872
122 315 508 698 895 1088 1281 1468 1664 1872
122 315 508 698 895 1088 1281 1468 1664 1872
122 315 508 698 895 1088 1281 1468 1664 1872
122 315 508 698 895 1088 1281 1468 1664 1872
122 315 508 698 895 1088 1281 1468 1664 1872
122 315 508 698 895 1088 1281 1468 1664 1872
122 315 508 698 895 1088 1281 1468 1664 1872
122 315 508 698 895 1088 1281 1468 1664 1871
122 315 508 698 895 1088 1281 1468 1664 1871
122 315 508 698 895 1088 1281 1468 1664 1871
122 315 508 698 895 1088 1281 1468 1664 1871
122 315 508 698 895 1088 1281 1468 1664 1871
122 315 508 698 895 1088 1281 1468 1664 1871
122 315 508 698 895 1088 1281 1468 1664 1871
122 315 508 698 895 1088 1281 1468 1664 1871
122 315 508 698 895 1088 1281 1468 1664 1871
122 315 508 699 895 1088 1281 1468 1664 1871
122 315 508 699 895 1088 1281 1468 1664 1871
122 315 508 699 895 1088 1281 1468 1665 1871
122 315 508 699 895 1088 1281 1468 1665 1871
122 315 508 699 895 1088 1281 1468 1665 1871
122 315 508 699 895 1088 1281 1468 1665 1870
122 315 508 699 895 1088 1281 1468 1665 1870
122 315 508 699 895 1088 1281 1468 1665 1870
122 315 508 699 895 1088 1281 1468 1665 1870
122 315 508 699 895 1088 1281 1468 1665 1870
122 315 508 699 895 1088 1281 1468 1665 1870
122 315 508 699 895 1088 1281 1468 1665 1870
122 315 508 699 895 1088 1281 1468 1665 1870
122 315 508 699 895 1088 1281 1468 1665 1870
122 315 508 699 895 1088 1281 1468 1665 1870
122 315 509 699 895 1088 1281 1468 1665 1870
122 315 509 699 895 1088 1281 1469 1665 1870
122 315 509 699 895 1088 1281 1469 1665 1870
122 315 509 699 895 1088 1281 1469 1665 1870
122 315 509 699 895 1088 1281 1469 1665 1870
122 315 509 699 895 1088 1281 1469 1665 1869
122 316 509 699 895 1088 1281 1469 1665 1869
122 316 509 699 895 1088 1281 1469 1665 1869
122 316 509 699 895 1088 1281 1469 1665 1869
122 316 509 699 895 1088 1281 1469 1665 1869
122 316 509 699 896 1088 1281 1469 1665 1869
122 316 509 699 896 1088 1281 1469 1665 1869
122 316 509 699 896 1088 1281 1469 1665 1869
123 316 509 699 896 1088 1281 1469 1665 1869
123 316 509 699 896 1088 1281 1469 1665 1869
123 316 509 699 896 1088 1281 1469 1665 1869
123 316 509 699 896 1088 1281 1469 1665 1869
123 316 509 699 896 1088 1281 1469 1665 1869
123 316 509 699 896 1088 1282 1469 1665 1869
123 316 509 699 896 1088 1282 1469 1665 1869
123 316 509 699 896 1088 1282 1469 1665 1869
123 316 509 699 896 1088 1282 1469 1665 1868
123 316 509 699 896 1088 1282 1469 1665 1868
123 316 509 699 896 1088 1282 1469 1665 1868
123 316 509 699 896 1088 1282 1469 1665 1868
123 316 509 699 896 1088 1282 1469 1665 1868
123 316 509 699 896 1088 1282 1469 1665 1868
123 316 509 699 896 1088 1282 1469 1665 1868
123 316 509 699 896 1088 1282 1469 1665 1868
123 316 509 699 896 1088 1282 1469 1665 1868
123 316 509 699 896 1088 1282 1469 1665 1868
123 316 509 699 896 1088 1282 1469 1665 1868
123 316 509 699 896 1088 1282 1469 1665 1868
123 316 509 699 896 1088 1282 1469 1665 1868
123 316 509 699 896 1088 1282 1469 1665 1868
123 316 509 699 896 1088 1282 1469 1665 1868
123 316 509 699 896 1088 1282 1469 1665 1868
123 316 509 699 896 1088 1282 1469 1665 1867
123 316 509 699 896 1088 1282 1469 1665 1867
123 316 509 699 896 1088 1282 1469 1665 1867
123 316 509 699 896 1088 1282 1469 1665 1867
123 316 509 699 896 1088 1282 1469 1665 1867
123 316 509 700 896 1088 1282 1469 1665 1867
123 316 509 700 896 1088 1282 1469 1665 1867
123 316 509 700 896 1088 1282 1469 1665 1867
123 317 509 700 896 1088 1282 1469 1665 1867
123 317 509 700 896 1088 1282 1469 1665 1867
123 317 509 700 896 1088 1282 1469 1665 1867
123 317 509 700 896 1088 1282 1469 1665 1867
123 317 509 700 896 1088 1282 1469 1665 1867
123 317 509 700 896 1088 1282 1470 1665 1867
123 317 509 700 896 1088 1282 1470 1665 1867
123 317 509 700 896 1088 1282 1470 1665 1867
123 317 509 700 897 1089 1282 1470 1665 1867
123 317 509 700 897 1089 1282 1470 1665 1867
123 317 509 700 897 1089 1282 1470 1666 1866
123 317 509 700 897 1089 1282 1470 1666 1866
123 317 509 700 897 1089 1282 1470 1666 1866
123 317 509 700 897 1089 1282 1470 1666 1866
123 317 510 700 897 1089 1282 1470 1666 1866
124 317 510 700 897 1089 1282 1470 1666 1866
124 317 510 700 897 1089 1282 1470 1666 1866
124 317 510 700 897 1089 1282 1470 1666 1866
124 317 510 700 897 1089 1282 1470 1666 1866
124 317 510 700 897 1089 1282 1470 1666 1866
124 317 510 700 897 1089 1282 1470 1666 1866
124 317 510 700 897 1089 1282 1470 1666 1866
124 317 510 700 897 1089 1282 1470 1666 1866
124 317 510 700 897 1089 1282 1470 1666 1866
124 317 510 700 897 1089 1282 1470 1666 1866
124 317 510 700 897 1089 1282 1470 1666 1866
124 317 510 700 897 1089 1283 1470 1666 1866
124 317 510 700 897 1089 1283 1470 1666 1866
124 317 510 700 897 1089 1283 1470 1666 1866
124 317 510 700 897 1089 1283 1470 1666 1866
124 317 510 700 897 1089 1283 1470 1666 1865
124 317 510 700 897 1089 1283 1470 1666 1865
124 317 510 700 897 1089 1283 1470 1666 1865
124 317 510 700 897 1089 1283 1470 1666 1865
124 317 510 700 897 1089 1283 1470 1666 1865
124 317 510 700 897 1089 1283 1470 1666 1865
124 318 510 700 897 1089 1283 1470 1666 1865
124 318 510 700 897 1089 1283 1470 1666 1865
124 318 510 700 897 1089 1283 1470 1666 1865
124 318 510 700 897 1089 1283 1470 1666 1865
124 318 510 700 897 1089 1283 1470 1666 1865
124 318 510 700 897 1089 1283 1470 1666 1865
124 318 510 700 897 1089 1283 1470 1666 1865
124 318 510 701 897 1089 1283 1470 1666 1865
124 318 510 701 897 1089 1283 1470 1666 1865
124 318 510 701 897 1089 1283 1470 1666 1865
124 318 510 701 898 1089 1283 1471 1666 1865
124 318 510 701 898 1089 1283 1471 1666 1865
124 318 510 701 898 1089 1283 1471 1666 1865
124 318 510 701 898 1089 1283 1471 1666 1865
124 318 510 701 898 1089 1283 1471 1666 1865
124 318 510 701 898 1089 1283 1471 1666 1864
124 318 510 701 898 1089 1283 1471 1666 1864
124 318 510 701 898 1089 1283 1471 1666 1864
124 318 510 701 898 1089 1283 1471 1666 1864
124 318 510 701 898 1089 1283 1471 1666 1864
125 318 510 701 898 1089 1283 1471 1666 1864
125 318 510 701 898 1089 1283 1471 1666 1864
125 318 510 701 898 1089 1283 1471 1666 1864
125 318 510 701 898 1089 1283 1471 1666 1864
125 318 510 701 898 1089 1283 1471 1666 1864
125 318 510 701 898 1089 1283 1471 1666 1864
125 318 510 701 898 1089 1283 1471 1667 1864
125 318 511 701 898 1089 1283 1471 1667 1864
125 318 511 701 898 1089 1283 1471 1667 1864
125 318 511 701 898 1089 1283 1471 1667 1864
125 318 511 701 898 1090 1283 1471 1667 1864
125 318 511 701 898 1090 1283 1471 1667 1864
125 318 511 701 898 1090 1283 1471 1667 1864
125 318 511 701 898 1090 1283 1471 1667 1864
125 319 511 701 898 1090 1283 1471 1667 1864
125 319 511 701 898 1090 1284 1471 1667 1864
125 319 511 701 898 1090 1284 1471 1667 1864
125 319 511 701 898 1090 1284 1471 1667 1864
125 319 511 701 898 1090 1284 1471 1667 1864
125 319 511 701 898 1090 1284 1471 1667 1863
125 319 511 701 898 1090 1284 1471 1667 1863
125 319 511 701 898 1090 1284 1471 1667 1863
125 319 511 701 898 1090 1284 1471 1667 1863
125 319 511 701 898 1090 1284 1471 1667 1863
125 319 511 701 898 1090 1284 1471 1667 1863
125 319 511 701 898 1090 1284 1471 1667 1863
125 319 511 701 899 1090 1284 1471 1667 1863
125 319 511 701 899 1090 1284 1472 1667 1863
125 319 511 702 899 1090 1284 1472 1667 1863
125 319 511 702 899 1090 1284 1472 1667 1863
125 319 511 702 899 1090 1284 1472 1667 1863
125 319 511 702 899 1090 1284 1472 1667 1863
125 319 511 702 899 1090 1284 1472 1667 1863
125 319 511 702 899 1090 1284 1472 1667 1863
125 319 511 702 899 1090 1284 1472 1667 1863
125 319 511 702 899 1090 1284 1472 1667 1863
125 319 511 702 899 1090 1284 1472 1667 1863
126 319 511 702 899 1090 1284 1472 1667 1863
126 319 511 702 899 1090 1284 1472 1667 1863
126 319 511 702 899 1090 1284 1472 1667 1863
126 319 511 702 899 1090 1284 1472 1667 1863
126 319 511 702 899 1090 1284 1472 1667 1863
126 319 511 702 899 1090 1284 1472 1667 1863
126 319 511 702 899 1090 1284 1472 1667 1863
126 319 511 702 899 1090 1284 1472 1667 1863
126 319 511 702 899 1090 1284 1472 1667 1863
126 320 511 702 899 1090 1284 1472 1667 1862
126 320 511 702 899 1090 1284 1472 1667 1862
126 320 512 702 899 1090 1284 1472 1667 1862
126 320 512 702 899 1090 1284 1472 1667 1862
126 320 512 702 899 1090 1284 1472 1668 1862
126 320 512 702 899 1090 1284 1472 1668 1862
126 320 512 702 899 1090 1284 1472 1668 1862
126 320 512 702 899 1090 1284 1472 1668 1862
126 320 512 702 899 1090 1284 1472 1668 1862
126 320 512 702 899 1090 1284 1472 1668 1862
126 320 512 702 899 1091 1285 1472 1668 1862
126 320 512 702 899 1091 1285 1472 1668 1862
126 320 512 702 899 1091 1285 1472 1668 1862
126 320 512 702 899 1091 1285 1472 1668 1862
126 320 512 702 900 1091 1285 1472 1668 1862
126 320 512 702 900 1091 1285 1473 1668 1862
126 320 512 702 900 1091 1285 1473 1668 1862
126 320 512 702 900 1091 1285 1473 1668 1862
126 320 512 703 900 1091 1285 1473 1668 1862
126 320 512 703 900 1091 1285 1473 1668 1862
126 320 512 703 900 1091 1285 1473 1668 1862
126 320 512 703 900 1091 1285 1473 1668 1862
126 320 512 703 900 1091 1285 1473 1668 1862
126 320 512 703 900 1091 1285 1473 1668 1862
126 320 512 703 900 1091 1285 1473 1668 1862
127 320 512 703 900 1091 1285 1473 1668 1862
127 320 512 703 900 1091 1285 1473 1668 1862
127 320 512 703 900 1091 1285 1473 1668 1862
127 320 512 703 900 1091 1285 1473 1668 1862
127 320 512 703 900 1091 1285 1473 1668 1862
127 321 512 703 900 1091 1285 1473 1668 1862
127 321 512 703 900 1091 1285 1473 1668 1862
127 321 512 703 900 1091 1285 1473 1668 1862
127 321 512 703 900 1091 1285 1473 1668 1862
127 321 512 703 900 1091 1285 1473 1668 1862
127 321 512 703 900 1091 1285 1473 1668 1861
127 321 512 703 900 1091 1285 1473 1668 1861
127 321 512 703 900 1091 1285 1473 1668 1861
127 321 512 703 900 1091 1285 1473 1668 1861
127 321 512 703 900 1091 1285 1473 1668 1861
127 321 513 703 900 1091 1285 1473 1668 1861
127 321 513 703 900 1091 1285 1473 1668 1861
127 321 513 703 900 1091 1285 1473 1668 1861
127 321 513 703 900 1091 1285 1473 1668 1861
127 321 513 703 900 1091 1285 1473 1669 1861
127 321 513 703 900 1091 1285 1473 1669 1861
127 321 513 703 901 1091 1286 1474 1669 1861
127 321 513 703 901 1091 1286 1474 1669 1861
127 321 513 703 901 1091 1286 1474 1669 1861
127 321 513 703 901 1091 1286 1474 1669 1861
127 321 513 703 901 1091 1286 1474 1669 1861
127 321 513 704 901 1092 1286 1474 1669 1861
127 321 513 704 901 1092 1286 1474 1669 1861
127 321 513 704 901 1092 1286 1474 1669 1861
127 321 513 704 901 1092 1286 1474 1669 1861
127 321 513 704 901 1092 1286 1474 1669 1861
127 321 513 704 901 1092 1286 1474 1669 1861
128 321 513 704 901 1092 1286 1474 1669 1861
128 321 513 704 901 1092 1286 1474 1669 1861
128 322 513 704 901 1092 1286 1474 1669 1861
128 322 513 704 901 1092 1286 1474 1669 1861
128 322 513 704 901 1092 1286 1474 1669 1861
128 322 513 704 901 1092 1286 1474 1669 1861
128 322 513 704 901 1092 1286 1474 1669 1861
128 322 513 704 901 1092 1286 1474 1669 1861
128 322 513 704 901 1092 1286 1474 1669 1861
128 322 513 704 901 1092 1286 1474 1669 1861
128 322 513 704 901 1092 1286 1474 1669 1861
128 322 513 704 901 1092 1286 1474 1669 1861
128 322 513 704 901 1092 1286 1474 1669 1861
128 322 513 704 901 1092 1286 1474 1669 1861
128 322 513 704 901 1092 1286 1474 1669 1861
128 322 513 704 901 1092 1286 1474 1669 1861
128 322 513 704 901 1092 1286 1474 1669 1861
128 322 514 704 901 1092 1286 1474 1669 1861
128 322 514 704 901 1092 1286 1475 1669 1861
128 322 514 704 902 1092 1286 1475 1669 1861
128 322 514 704 902 1092 1286 1475 1669 1861
128 322 514 704 902 1092 1286 1475 1669 1861
128 322 514 704 902 1092 1286 1475 1670 1861
128 322 514 704 902 1092 1287 1475 1670 1861
128 322 514 704 902 1092 1287 1475 1670 1861
128 322 514 705 902 1092 1287 1475 1670 1861
128 322 514 705 902 1092 1287 1475 1670 1861
128 322 514 705 902 1092 1287 1475 1670 1861
128 322 514 705 902 1092 1287 1475 1670 1861
128 322 514 705 902 1092 1287 1475 1670 1860
129 323 514 705 902 1093 1287 1475 1670 1860
129 323 514 705 902 1093 1287 1475 1670 1860
129 323 514 705 902 1093 1287 1475 1670 1860
129 323 514 705 902 1093 1287 1475 1670 1860
129 323 514 705 902 1093 1287 1475 1670 1860
129 323 514 705 902 1093 1287 1475 1670 1860
129 323 514 705 902 1093 1287 1475 1670 1860
129 323 514 705 902 1093 1287 1475 1670 1860
129 323 514 705 902 1093 1287 1475 1670 1860
129 323 514 705 902 1093 1287 1475 1670 1860
129 323 514 705 902 1093 1287 1475 1670 1860
129 323 514 705 902 1093 1287 1475 1670 1860
129 323 514 705 902 1093 1287 1475 1670 1860
129 323 514 705 902 1093 1287 1475 1670 1860
129 323 514 705 902 1093 1287 1475 1670 1860
129 323 514 705 902 1093 1287 1476 1670 1860
129 323 514 705 902 1093 1287 1476 1670 1860
129 323 514 705 903 1093 1287 1476 1670 1860
129 323 515 705 903 1093 1287 1476 1670 1860
129 323 515 705 903 1093 1287 1476 1670 1860
129 323 515 705 903 1093 1287 1476 1670 1860
129 323 515 705 903 1093 1287 1476 1670 1860
129 323 515 705 903 1093 1287 1476 1670 1860
129 323 515 705 903 1093 1287 1476 1670 1860
129 323 515 706 903 1093 1287 1476 1670 1860
129 323 515 706 903 1093 1288 1476 1671 1860
129 324 515 706 903 1093 1288 1476 1671 1860
129 324 515 706 903 1093 1288 1476 1671 1860
129 324 515 706 903 1093 1288 1476 1671 1860
130 324 515 706 903 1093 1288 1476 1671 1860
130 324 515 706 903 1093 1288 1476 1671 1860
130 324 515 706 903 1093 1288 1476 1671 1860
130 324 515 706 903 1093 1288 1476 1671 1860
130 324 515 706 903 1094 1288 1476 1671 1860
130 324 515 706 903 1094 1288 1476 1671 1860
130 324 515 706 903 1094 1288 1476 1671 1860
130 324 515 706 903 1094 1288 1476 1671 1860
130 324 515 706 903 1094 1288 1476 1671 1860
130 324 515 706 903 1094 1288 1476 1671 1860
130 324 515 706 903 1094 1288 1476 1671 1860
130 324 515 706 903 1094 1288 1476 1671 1860
130 324 515 706 903 1094 1288 1477 1671 1860
130 324 515 706 903 1094 1288 1477 1671 1860
130 324 515 706 903 1094 1288 1477 1671 1860
130 324 515 706 903 1094 1288 1477 1671 1860
130 324 515 706 904 1094 1288 1477 1671 1860
130 324 515 706 904 1094 1288 1477 1671 1860
130 324 515 706 904 1094 1288 1477 1671 1860
130 324 516 706 904 1094 1288 1477 1671 1860
130 324 516 706 904 1094 1288 1477 1671 1860
130 324 516 706 904 1094 1288 1477 1671 1860
130 324 516 707 904 1094 1288 1477 1671 1860
130 325 516 707 904 1094 1288 1477 1671 1860
130 325 516 707 904 1094 1288 1477 1671 1860
130 325 516 707 904 1094 1289 1477 1671 1860
130 325 516 707 904 1094 1289 1477 1672 1860
131 325 516 707 904 1094 1289 1477 1672 1860
131 325 516 707 904 1094 1289 1477 1672 1860
131 325 516 707 904 1094 1289 1477 1672 1860
131 325 516 707 904 1094 1289 1477 1672 1860
131 325 516 707 904 1094 1289 1477 1672 1860
131 325 516 707 904 1094 1289 1477 1672 1860
131 325 516 707 904 1094 1289 1477 1672 1860
131 325 516 707 904 1095 1289 1477 1672 1860
131 325 516 707 904 1095 1289 1477 1672 1860
131 325 516 707 904 1095 1289 1477 1672 1860
131 325 516 707 904 1095 1289 1478 1672 1860
131 325 516 707 904 1095 1289 1478 1672 1860
131 325 516 707 904 1095 1289 1478 1672 1860
131 325 516 707 904 1095 1289 1478 1672 1860
131 325 516 707 904 1095 1289 1478 1672 1860
131 325 516 707 905 1095 1289 1478 1672 1860
131 325 516 707 905 1095 1289 1478 1672 1860
131 325 516 707 905 1095 1289 1478 1672 1860
131 325 516 707 905 1095 1289 1478 1672 1860
131 325 517 707 905 1095 1289 1478 1672 1860
131 325 517 707 905 1095 1289 1478 1672 1860
131 326 517 708 905 1095 1289 1478 1672 1860
131 326 517 708 905 1095 1289 1478 1672 1860
131 326 517 708 905 1095 1289 1478 1672 1860
131 326 517 708 905 1095 1289 1478 1672 1860
131 326 517 708 905 1095 1289 1478 1672 1860
132 326 517 708 905 1095 1290 1478 1672 1860
132 326 517 708 905 1095 1290 1478 1673 1860
132 326 517 708 905 1095 1290 1478 1673 1860
132 326 517 708 905 1095 1290 1478 1673 1860
132 326 517 708 905 1095 1290 1478 1673 1860
132 326 517 708 905 1095 1290 1478 1673 1860
132 326 517 708 905 1095 1290 1478 1673 1860
132 326 517 708 905 1095 1290 1478 1673 1860
132 326 517 708 905 1095 1290 1479 1673 1860
132 326 517 708 905 1095 1290 1479 1673 1860
132 326 517 708 905 1096 1290 1479 1673 1860
132 326 517 708 905 1096 1290 1479 1673 1860
132 326 517 708 905 1096 1290 1479 1673 1860
132 326 517 708 905 1096 1290 1479 1673 1860
132 326 517 708 905 1096 1290 1479 1673 1860
132 326 517 708 906 1096 1290 1479 1673 1860
132 326 517 708 906 1096 1290 1479 1673 1860
132 326 517 708 906 1096 1290 1479 1673 1860
132 326 517 708 906 1096 1290 1479 1673 1860
132 327 517 709 906 1096 1290 1479 1673 1860
132 327 518 709 906 1096 1290 1479 1673 1860
132 327 518 709 906 1096 1290 1479 1673 1860
132 327 518 709 906 1096 1290 1479 1673 1860
132 327 518 709 906 1096 1290 1479 1673 1860
132 327 518 709 906 1096 1290 1479 1673 1860
133 327 518 709 906 1096 1290 1479 1673 1860
133 327 518 709 906 1096 1290 1479 1673 1860
133 327 518 709 906 1096 1291 1479 1673 1860
133 327 518 709 906 1096 1291 1479 1674 1860
133 327 518 709 906 1096 1291 1479 1674 1860
133 327 518 709 906 1096 1291 1480 1674 1860
133 327 518 709 906 1096 1291 1480 1674 1860
133 327 518 709 906 1096 1291 1480 1674 1860
133 327 518 709 906 1096 1291 1480 1674 1860
133 327 518 709 906 1096 1291 1480 1674 1860
133 327 518 709 906 1096 1291 1480 1674 1860
133 327 518 709 906 1096 1291 1480 1674 1860
133 327 518 709 906 1097 1291 1480 1674 1861
133 327 518 709 906 1097 1291 1480 1674 1861
133 327 518 709 907 1097 1291 1480 1674 1861
133 327 518 709 907 1097 1291 1480 1674 1861
133 327 518 709 907 1097 1291 1480 1674 1861
133 328 518 709 907 1097 1291 1480 1674 1861
133 328 518 710 907 1097 1291 1480 1674 1861
133 328 518 710 907 1097 1291 1480 1674 1861
133 328 519 710 907 1097 1291 1480 1674 1861
133 328 519 710 907 1097 1291 1480 1674 1861
133 328 519 710 907 1097 1291 1480 1674 1861
133 328 519 710 907 1097 1291 1480 1674 1861
134 328 519 710 907 1097 1291 1480 1674 1861
134 328 519 710 907 1097 1291 1480 1674 1861
134 328 519 710 907 1097 1291 1480 1674 1861
134 328 519 710 907 1097 1291 1481 1674 1861
134 328 519 710 907 1097 1292 1481 1674 1861
134 328 519 710 907 1097 1292 1481 1675 1861
134 328 519 710 907 1097 1292 1481 1675 1861
134 328 519 710 907 1097 1292 1481 1675 1861
134 328 519 710 907 1097 1292 1481 1675 1861
134 328 519 710 907 1097 1292 1481 1675 1861
134 328 519 710 907 1097 1292 1481 1675 1861
134 328 519 710 907 1097 1292 1481 1675 1861
134 328 519 710 907 1097 1292 1481 1675 1861
134 328 519 710 907 1098 1292 1481 1675 1861
134 328 519 710 908 1098 1292 1481 1675 1861
134 328 519 710 908 1098 1292 1481 1675 1861
134 329 519 711 908 1098 1292 1481 1675 1861
134 329 519 711 908 1098 1292 1481 1675 1861
134 329 519 711 908 1098 1292 1481 1675 1861
134 329 519 711 908 1098 1292 1481 1675 1861
134 329 520 711 908 1098 1292 1481 1675 1861
134 329 520 711 908 1098 1292 1481 1675 1861
134 329 520 711 908 1098 1292 1481 1675 1861
135 329 520 711 908 1098 1292 1481 1675 1861
135 329 520 711 908 1098 1292 1482 1675 1861
135 329 520 711 908 1098 1292 1482 1675 1861
135 329 520 711 908 1098 1292 1482 1675 1861
135 329 520 711 908 1098 1292 1482 1675 1861
135 329 520 711 908 1098 1293 1482 1675 1861
135 329 520 711 908 1098 1293 1482 1675 1861
135 329 520 711 908 1098 1293 1482 1676 1861
135 329 520 711 908 1098 1293 1482 1676 1861
135 329 520 711 908 1098 1293 1482 1676 1861
135 329 520 711 908 1098 1293 1482 1676 1861
135 329 520 711 908 1098 1293 1482 1676 1861
135 329 520 711 908 1098 1293 1482 1676 1861
135 329 520 711 908 1098 1293 1482 1676 1861
135 329 520 711 909 1099 1293 1482 1676 1861
135 330 520 712 909 1099 1293 1482 1676 1861
135 330 520 712 909 1099 1293 1482 1676 1862
135 330 520 712 909 1099 1293 1482 1676 1862
135 330 520 712 909 1099 1293 1482 1676 1862
135 330 520 712 909 1099 1293 1482 1676 1862
135 330 521 712 909 1099 1293 1482 1676 1862
135 330 521 712 909 1099 1293 1482 1676 1862
136 330 521 712 909 1099 1293 1483 1676 1862
136 330 521 712 909 1099 1293 1483 1676 1862
136 330 521 712 909 1099 1293 1483 1676 1862
136 330 521 712 909 1099 1293 1483 1676 1862
136 330 521 712 909 1099 1293 1483 1676 1862
136 330 521 712 909 1099 1293 1483 1676 1862
136 330 521 712 909 1099 1293 1483 1676 1862
136 330 521 712 909 1099 1294 1483 1676 1862
136 330 521 712 909 1099 1294 1483 1677 1862
136 330 521 712 909 1099 1294 1483 1677 1862
136 330 521 712 909 1099 1294 1483 1677 1862
136 330 521 712 909 1099 1294 1483 1677 1862
136 330 521 712 909 1099 1294 1483 1677 1862
136 330 521 712 909 1099 1294 1483 1677 1862
136 330 521 713 910 1099 1294 1483 1677 1862
136 331 521 713 910 1099 1294 1483 1677 1862
136 331 521 713 910 1100 1294 1483 1677 1862
136 331 521 713 910 1100 1294 1483 1677 1862
136 331 521 713 910 1100 1294 1483 1677 1862
136 331 521 713 910 1100 1294 1483 1677 1862
136 331 522 713 910 1100 1294 1484 1677 1862
136 331 522 713 910 1100 1294 1484 1677 1862
137 331 522 713 910 1100 1294 1484 1677 1862
137 331 522 713 910 1100 1294 1484 1677 1862
137 331 522 713 910 1100 1294 1484 1677 1862
137 331 522 713 910 1100 1294 1484 1677 1862
137 331 522 713 910 1100 1294 1484 1677 1862
137 331 522 713 910 1100 1294 1484 1677 1862
137 331 522 713 910 1100 1294 1484 1677 1862
137 331 522 713 910 1100 1294 1484 1677 1863
137 331 522 713 910 1100 1295 1484 1677 1863
137 331 522 713 910 1100 1295 1484 1678 1863
137 331 522 713 910 1100 1295 1484 1678 1863
137 331 522 713 910 1100 1295 1484 1678 1863
137 331 522 714 910 1100 1295 1484 1678 1863
137 331 522 714 910 1100 1295 1484 1678 1863
137 332 522 714 911 1100 1295 1484 1678 1863
137 332 522 714 911 1100 1295 1484 1678 1863
137 332 522 714 911 1101 1295 1484 1678 1863
137 332 522 714 911 1101 1295 1485 1678 1863
137 332 522 714 911 1101 1295 1485 1678 1863
137 332 522 714 911 1101 1295 1485 1678 1863
137 332 523 714 911 1101 1295 1485 1678 1863
138 332 523 714 911 1101 1295 1485 1678 1863
138 332 523 714 911 1101 1295 1485 1678 1863
138 332 523 714 911 1101 1295 1485 1678 1863
138 332 523 714 911 1101 1295 1485 1678 1863
138 332 523 714 911 1101 1295 1485 1678 1863
138 332 523 714 911 1101 1295 1485 1678 1863
138 332 523 714 911 1101 1295 1485 1678 1863
138 332 523 714 911 1101 1295 1485 1678 1863
138 332 523 714 911 1101 1295 1485 1678 1863
138 332 523 714 911 1101 1296 1485 1678 1863
138 332 523 714 911 1101 1296 1485 1679 1863
138 332 523 715 911 1101 1296 1485 1679 1863
138 332 523 715 911 1101 1296 1485 1679 1863
138 333 523 715 911 1101 1296 1485 1679 1864
138 333 523 715 911 1101 1296 1485 1679 1864
138 333 523 715 912 1101 1296 1486 1679 1864
138 333 523 715 912 1102 1296 1486 1679 1864
138 333 523 715 912 1102 1296 1486 1679 1864
138 333 523 715 912 1102 1296 1486 1679 1864
138 333 523 715 912 1102 1296 1486 1679 1864
139 333 524 715 912 1102 1296 1486 1679 1864
139 333 524 715 912 1102 1296 1486 1679 1864
139 333 524 715 912 1102 1296 1486 1679 1864
139 333 524 715 912 1102 1296 1486 1679 1864
139 333 524 715 912 1102 1296 1486 1679 1864
139 333 524 715 912 1102 1296 1486 1679 1864
139 333 524 715 912 1102 1296 1486 1679 1864
139 333 524 715 912 1102 1296 1486 1679 1864
139 333 524 715 912 1102 1296 1486 1679 1864
139 333 524 715 912 1102 1296 1486 1679 1864
139 333 524 716 912 1102 1297 1486 1679 1864
139 333 524 716 912 1102 1297 1486 1680 1864
139 333 524 716 912 1102 1297 1486 1680 1864
139 334 524 716 912 1102 1297 1487 1680 1864
139 334 524 716 912 1102 1297 1487 1680 1864
139 334 524 716 913 1102 1297 1487 1680 1864
139 334 524 716 913 1102 1297 1487 1680 1864
139 334 524 716 913 1103 1297 1487 1680 1865
139 334 524 716 913 1103 1297 1487 1680 1865
139 334 524 716 913 1103 1297 1487 1680 1865
140 334 525 716 913 1103 1297 1487 1680 1865
140 334 525 716 913 1103 1297 1487 1680 1865
140 334 525 716 913 1103 1297 1487 1680 1865
140 334 525 716 913 1103 1297 1487 1680 1865
140 334 525 716 913 1103 1297 1487 1680 1865
140 334 525 716 913 1103 1297 1487 1680 1865
140 334 525 716 913 1103 1297 1487 1680 1865
140 334 525 716 913 1103 1297 1487 1680 1865
140 334 525 716 913 1103 1297 1487 1680 1865
140 334 525 717 913 1103 1297 1487 1680 1865
140 334 525 717 913 1103 1297 1487 1680 1865
140 334 525 717 913 1103 1298 1488 1681 1865
140 334 525 717 913 1103 1298 1488 1681 1865
140 335 525 717 913 1103 1298 1488 1681 1865
140 335 525 717 913 1103 1298 1488 1681 1865
140 335 525 717 913 1103 1298 1488 1681 1865
140 335 525 717 914 1103 1298 1488 1681 1865
140 335 525 717 914 1104 1298 1488 1681 1865
140 335 525 717 914 1104 1298 1488 1681 1866
141 335 526 717 914 1104 1298 1488 1681 1866
141 335 526 717 914 1104 1298 1488 1681 1866
141 335 526 717 914 1104 1298 1488 1681 1866
141 335 526 717 914 1104 1298 1488 1681 1866
141 335 526 717 914 1104 1298 1488 1681 1866
141 335 526 717 914 1104 1298 1488 1681 1866
141 335 526 717 914 1104 1298 1488 1681 1866
141 335 526 717 914 1104 1298 1488 1681 1866
141 335 526 718 914 1104 1298 1488 1681 1866
141 335 526 718 914 1104 1298 1489 1681 1866
141 335 526 718 914 1104 1298 1489 1681 1866
141 335 526 718 914 1104 1298 1489 1681 1866
141 335 526 718 914 1104 1299 1489 1682 1866
141 336 526 718 914 1104 1299 1489 1682 1866
141 336 526 718 914 1104 1299 1489 1682 1866
141 336 526 718 914 1104 1299 1489 1682 1866
141 336 526 718 915 1104 1299 1489 1682 1866
141 336 526 718 915 1104 1299 1489 1682 1866
141 336 526 718 915 1105 1299 1489 1682 1866
142 336 526 718 915 1105 1299 1489 1682 1867
142 336 527 718 915 1105 1299 1489 1682 1867
142 336 527 718 915 1105 1299 1489 1682 1867
142 336 527 718 915 1105 1299 1489 1682 1867
142 336 527 718 915 1105 1299 1489 1682 1867
142 336 527 718 915 1105 1299 1489 1682 1867
142 336 527 718 915 1105 1299 1489 1682 1867
142 336 527 719 915 1105 1299 1490 1682 1867
142 336 527 719 915 1105 1299 1490 1682 1867
142 336 527 719 915 1105 1299 1490 1682 1867
142 336 527 719 915 1105 1299 1490 1682 1867
142 336 527 719 915 1105 1299 1490 1682 1867
142 336 527 719 915 1105 1299 1490 1682 1867
142 337 527 719 915 1105 1300 1490 1683 1867
142 337 527 719 915 1105 1300 1490 1683 1867
142 337 527 719 915 1105 1300 1490 1683 1867
142 337 527 719 915 1105 1300 1490 1683 1867
142 337 527 719 916 1105 1300 1490 1683 1867
142 337 527 719 916 1106 1300 1490 1683 1868
143 337 528 719 916 1106 1300 1490 1683 1868
143 337 528 719 916 1106 1300 1490 1683 1868
143 337 528 719 916 1106 1300 1490 1683 1868
143 337 528 719 916 1106 1300 1490 1683 1868
143 337 528 719 916 1106 1300 1490 1683 1868
143 337 528 720 916 1106 1300 1491 1683 1868
143 337 528 720 916 1106 1300 1491 1683 1868
143 337 528 720 916 1106 1300 1491 1683 1868
143 337 528 720 916 1106 1300 1491 1683 1868
143 337 528 720 916 1106 1300 1491 1683 1868
143 337 528 720 916 1106 1300 1491 1683 1868
143 337 528 720 916 1106 1300 1491 1683 1868
143 337 528 720 916 1106 1300 1491 1683 1868
143 338 528 720 916 1106 1301 1491 1684 1868
143 338 528 720 916 1106 1301 1491 1684 1868
143 338 528 720 916 1106 1301 1491 1684 1869
143 338 528 720 916 1106 1301 1491 1684 1869
143 338 528 720 917 1107 1301 1491 1684 1869
144 338 529 720 917 1107 1301 1491 1684 1869
144 338 529 720 917 1107 1301 1491 1684 1869
144 338 529 720 917 1107 1301 1491 1684 1869
144 338 529 720 917 1107 1301 1492 1684 1869
144 338 529 721 917 1107 1301 1492 1684 1869
144 338 529 721 917 1107 1301 1492 1684 1869
144 338 529 721 917 1107 1301 1492 1684 1869
144 338 529 721 917 1107 1301 1492 1684 1869
144 338 529 721 917 1107 1301 1492 1684 1869
144 338 529 721 917 1107 1301 1492 1684 1869
144 338 529 721 917 1107 1301 1492 1684 1869
144 338 529 721 917 1107 1301 1492 1684 1869
144 338 529 721 917 1107 1301 1492 1684 1869
144 339 529 721 917 1107 1301 1492 1685 1870
144 339 529 721 917 1107 1302 1492 1685 1870
144 339 529 721 917 1107 1302 1492 1685 1870
144 339 529 721 917 1107 1302 1492 1685 1870
144 339 529 721 917 1108 1302 1492 1685 1870
145 339 530 721 918 1108 1302 1492 1685 1870
145 339 530 721 918 1108 1302 1493 1685 1870
145 339 530 721 918 1108 1302 1493 1685 1870
145 339 530 722 918 1108 1302 1493 1685 1870
145 339 530 722 918 1108 1302 1493 1685 1870
145 339 530 722 918 1108 1302 1493 1685 1870
145 339 530 722 918 1108 1302 1493 1685 1870
145 339 530 722 918 1108 1302 1493 1685 1870
145 339 530 722 918 1108 1302 1493 1685 1870
145 339 530 722 918 1108 1302 1493 1685 1870
145 339 530 722 918 1108 1302 1493 1685 1871
145 339 530 722 918 1108 1302 1493 1685 1871
145 339 530 722 918 1108 1302 1493 1685 1871
145 340 530 722 918 1108 1302 1493 1686 1871
145 340 530 722 918 1108 1302 1493 1686 1871
145 340 530 722 918 1108 1303 1493 1686 1871
145 340 530 722 918 1108 1303 1493 1686 1871
146 340 531 722 918 1109 1303 1494 1686 1871
146 340 531 722 919 1109 1303 1494 1686 1871
146 340 531 723 919 1109 1303 1494 1686 1871
146 340 531 723 919 1109 1303 1494 1686 1871
146 340 531 723 919 1109 1303 1494 1686 1871
146 340 531 723 919 1109 1303 1494 1686 1871
146 340 531 723 919 1109 1303 1494 1686 1871
146 340 531 723 919 1109 1303 1494 1686 1872
146 340 531 723 919 1109 1303 1494 1686 1872
146 340 531 723 919 1109 1303 1494 1686 1872
146 340 531 723 919 1109 1303 1494 1686 1872
146 340 531 723 919 1109 1303 1494 1686 1872
146 340 531 723 919 1109 1303 1494 1686 1872
146 341 531 723 919 1109 1303 1494 1686 1872
146 341 531 723 919 1109 1303 1494 1687 1872
146 341 531 723 919 1109 1303 1495 1687 1872
146 341 531 723 919 1109 1304 1495 1687 1872
147 341 532 723 919 1110 1304 1495 1687 1872
147 341 532 724 919 1110 1304 1495 1687 1872
147 341 532 724 920 1110 1304 1495 1687 1872
147 341 532 724 920 1110 1304 1495 1687 1872
147 341 532 724 920 1110 1304 1495 1687 1873
147 341 532 724 920 1110 1304 1495 1687 1873
147 341 532 724 920 1110 1304 1495 1687 1873
147 341 532 724 920 1110 1304 1495 1687 1873
147 341 532 724 920 1110 1304 1495 1687 1873
147 341 532 724 920 1110 1304 1495 1687 1873
147 341 532 724 920 1110 1304 1495 1687 1873
147 341 532 724 920 1110 1304 1495 1687 1873
147 341 532 724 920 1110 1304 1495 1687 1873
147 341 532 724 920 1110 1304 1495 1687 1873
147 342 532 724 920 1110 1304 1496 1688 1873
147 342 532 724 920 1110 1304 1496 1688 1873
147 342 532 724 920 1110 1305 1496 1688 1873
148 342 533 725 920 1111 1305 1496 1688 1874
148 342 533 725 920 1111 1305 1496 1688 1874
148 342 533 725 920 1111 1305 1496 1688 1874
148 342 533 725 921 1111 1305 1496 1688 1874
148 342 533 725 921 1111 1305 1496 1688 1874
148 342 533 725 921 1111 1305 1496 1688 1874
148 342 533 725 921 1111 1305 1496 1688 1874
148 342 533 725 921 1111 1305 1496 1688 1874
148 342 533 725 921 1111 1305 1496 1688 1874
148 342 533 725 921 1111 1305 1496 1688 1874
148 342 533 725 921 1111 1305 1496 1688 1874
148 342 533 725 921 1111 1305 1497 1688 1874
148 342 533 725 921 1111 1305 1497 1688 1875
148 342 533 725 921 1111 1305 1497 1688 1875
148 343 533 725 921 1111 1305 1497 1689 1875
148 343 533 726 921 1111 1305 1497 1689 1875
148 343 534 726 921 1112 1305 1497 1689 1875
149 343 534 726 921 1112 1306 1497 1689 1875
149 343 534 726 921 1112 1306 1497 1689 1875
149 343 534 726 921 1112 1306 1497 1689 1875
149 343 534 726 922 1112 1306 1497 1689 1875
149 343 534 726 922 1112 1306 1497 1689 1875
149 343 534 726 922 1112 1306 1497 1689 1875
149 343 534 726 922 1112 1306 1497 1689 1875
149 343 534 726 922 1112 1306 1497 1689 1875
149 343 534 726 922 1112 1306 1497 1689 1876
149 343 534 726 922 1112 1306 1498 1689 1876
149 343 534 726 922 1112 1306 1498 1689 1876
149 343 534 726 922 1112 1306 1498 1689 1876
149 343 534 726 922 1112 1306 1498 1689 1876
149 343 534 726 922 1112 1306 1498 1690 1876
149 344 534 727 922 1112 1306 1498 1690 1876
149 344 535 727 922 1113 1306 1498 1690 1876
150 344 535 727 922 1113 1306 1498 1690 1876
150 344 535 727 922 1113 1307 1498 1690 1876
150 344 535 727 922 1113 1307 1498 1690 1876
150 344 535 727 922 1113 1307 1498 1690 1877
150 344 535 727 923 1113 1307 1498 1690 1877
150 344 535 727 923 1113 1307 1498 1690 1877
150 344 535 727 923 1113 1307 1498 1690 1877
150 344 535 727 923 1113 1307 1498 1690 1877
150 344 535 727 923 1113 1307 1499 1690 1877
150 344 535 727 923 1113 1307 1499 1690 1877
150 344 535 727 923 1113 1307 1499 1690 1877
150 344 535 727 923 1113 1307 1499 1690 1877
150 344 535 728 923 1113 1307 1499 1690 1877
150 344 535 728 923 1113 1307 1499 1691 1877
150 345 535 728 923 1113 1307 1499 1691 1877
150 345 536 728 923 1114 1307 1499 1691 1878
151 345 536 728 923 1114 1307 1499 1691 1878
151 345 536 728 923 1114 1308 1499 1691 1878
151 345 536 728 923 1114 1308 1499 1691 1878
151 345 536 728 923 1114 1308 1499 1691 1878
151 345 536 728 923 1114 1308 1499 1691 1878
151 345 536 728 924 1114 1308 1499 1691 1878
151 345 536 728 924 1114 1308 1500 1691 1878
151 345 536 728 924 1114 1308 1500 1691 1878
151 345 536 728 924 1114 1308 1500 1691 1878
151 345 536 728 924 1114 1308 1500 1691 1878
151 345 536 728 924 1114 1308 1500 1691 1879
151 345 536 729 924 1114 1308 1500 1691 1879
151 345 536 729 924 1114 1308 1500 1691 1879
151 345 536 729 924 1114 1308 1500 1692 1879
151 345 536 729 924 1114 1308 1500 1692 1879
151 346 537 729 924 1115 1308 1500 1692 1879
152 346 537 729 924 1115 1308 1500 1692 1879
152 346 537 729 924 1115 1308 1500 1692 1879
152 346 537 729 924 1115 1309 1500 1692 1879
152 346 537 729 924 1115 1309 1500 1692 1879
152 346 537 729 924 1115 1309 1501 1692 1879
152 346 537 729 925 1115 1309 1501 1692 1880
152 346 537 729 925 1115 1309 1501 1692 1880
152 346 537 729 925 1115 1309 1501 1692 1880
152 346 537 729 925 1115 1309 1501 1692 1880
152 346 537 730 925 1115 1309 1501 1692 1880
152 346 537 730 925 1115 1309 1501 1692 1880
152 346 537 730 925 1115 1309 1501 1692 1880
152 346 537 730 925 1115 1309 1501 1692 1880
152 346 537 730 925 1115 1309 1501 1693 1880
152 346 538 730 925 1116 1309 1501 1693 1880
153 347 538 730 925 1116 1309 1501 1693 1881
153 347 538 730 925 1116 1309 1501 1693 1881
153 347 538 730 925 1116 1309 1502 1693 1881
153 347 538 730 925 1116 1310 1502 1693 1881
153 347 538 730 925 1116 1310 1502 1693 1881
153 347 538 730 925 1116 1310 1502 1693 1881
153 347 538 730 925 1116 1310 1502 1693 1881
153 347 538 730 926 1116 1310 1502 1693 1881
153 347 538 730 926 1116 1310 1502 1693 1881
153 347 538 731 926 1116 1310 1502 1693 1881
153 347 538 731 926 1116 1310 1502 1693 1881
153 347 538 731 926 1116 1310 1502 1693 1882
153 347 538 731 926 1116 1310 1502 1693 1882
153 347 538 731 926 1116 1310 1502 1694 1882
153 347 539 731 926 1117 1310 1502 1694 1882
154 348 539 731 926 1117 1310 1502 1694 1882
154 348 539 731 926 1117 1310 1503 1694 1882
154 348 539 731 926 1117 1310 1503 1694 1882
154 348 539 731 926 1117 1311 1503 1694 1882
154 348 539 731 926 1117 1311 1503 1694 1882
154 348 539 731 926 1117 1311 1503 1694 1882
154 348 539 731 926 1117 1311 1503 1694 1883
154 348 539 731 926 1117 1311 1503 1694 1883
154 348 539 732 927 1117 1311 1503 1694 1883
154 348 539 732 927 1117 1311 1503 1694 1883
154 348 539 732 927 1117 1311 1503 1694 1883
154 348 539 732 927 1117 1311 1503 1694 1883
154 348 539 732 927 1117 1311 1503 1694 1883
154 348 540 732 927 1118 1311 1503 1695 1883
154 348 540 732 927 1118 1311 1504 1695 1883
155 348 540 732 927 1118 1311 1504 1695 1884
155 349 540 732 927 1118 1311 1504 1695 1884
155 349 540 732 927 1118 1311 1504 1695 1884
155 349 540 732 927 1118 1311 1504 1695 1884
155 349 540 732 927 1118 1312 1504 1695 1884
155 349 540 732 927 1118 1312 1504 1695 1884
155 349 540 733 927 1118 1312 1504 1695 1884
155 349 540 733 927 1118 1312 1504 1695 1884
155 349 540 733 927 1118 1312 1504 1695 1884
155 349 540 733 928 1118 1312 1504 1695 1884
155 349 540 733 928 1118 1312 1504 1695 1885
155 349 540 733 928 1118 1312 1504 1695 1885
155 349 540 733 928 1118 1312 1504 1695 1885
155 349 541 733 928 1119 1312 1505 1696 1885
155 349 541 733 928 1119 1312 1505 1696 1885
156 349 541 733 928 1119 1312 1505 1696 1885
156 349 541 733 928 1119 1312 1505 1696 1885
156 350 541 733 928 1119 1312 1505 1696 1885
156 350 541 733 928 1119 1312 1505 1696 1885
156 350 541 733 928 1119 1313 1505 1696 1886
156 350 541 734 928 1119 1313 1505 1696 1886
156 350 541 734 928 1119 1313 1505 1696 1886
156 350 541 734 928 1119 1313 1505 1696 1886
156 350 541 734 928 1119 1313 1505 1696 1886
156 350 541 734 929 1119 1313 1505 1696 1886
156 350 541 734 929 1119 1313 1505 1696 1886
156 350 541 734 929 1119 1313 1506 1696 1886
156 350 542 734 929 1120 1313 1506 1696 1886
156 350 542 734 929 1120 1313 1506 1697 1886
156 350 542 734 929 1120 1313 1506 1697 1887
157 350 542 734 929 1120 1313 1506 1697 1887
157 350 542 734 929 1120 1313 1506 1697 1887
157 351 542 734 929 1120 1313 1506 1697 1887
157 351 542 735 929 1120 1313 1506 1697 1887
157 351 542 735 929 1120 1314 1506 1697 1887
157 351 542 735 929 1120 1314 1506 1697 1887
157 351 542 735 929 1120 1314 1506 1697 1887
157 351 542 735 929 1120 1314 1506 1697 1887
157 351 542 735 929 1120 1314 1506 1697 1888
157 351 542 735 929 1120 1314 1507 1697 1888
157 351 542 735 930 1120 1314 1507 1697 1888
157 351 543 735 930 1121 1314 1507 1697 1888
157 351 543 735 930 1121 1314 1507 1698 1888
157 351 543 735 930 1121 1314 1507 1698 1888
158 351 543 735 930 1121 1314 1507 1698 1888
158 351 543 735 930 1121 1314 1507 1698 1888
158 351 543 735 930 1121 1314 1507 1698 1888
158 352 543 736 930 1121 1314 1507 1698 1889
158 352 543 736 930 1121 1314 1507 1698 1889
158 352 543 736 930 1121 1315 1507 1698 1889
158 352 543 736 930 1121 1315 1507 1698 1889
158 352 543 736 930 1121 1315 1508 1698 1889
158 352 543 736 930 1121 1315 1508 1698 1889
158 352 543 736 930 1121 1315 1508 1698 1889
158 352 543 736 930 1121 1315 1508 1698 1889
158 352 544 736 931 1122 1315 1508 1698 1890
158 352 544 736 931 1122 1315 1508 1699 1890
158 352 544 736 931 1122 1315 1508 1699 1890
159 352 544 736 931 1122 1315 1508 1699 1890
159 352 544 736 931 1122 1315 1508 1699 1890
159 352 544 737 931 1122 1315 1508 1699 1890
159 352 544 737 931 1122 1315 1508 1699 1890
159 353 544 737 931 1122 1315 1508 1699 1890
159 353 544 737 931 1122 1315 1508 1699 1890
159 353 544 737 931 1122 1316 1509 1699 1891
159 353 544 737 931 1122 1316 1509 1699 1891
159 353 544 737 931 1122 1316 1509 1699 1891
159 353 544 737 931 1122 1316 1509 1699 1891
159 353 544 737 931 1122 1316 1509 1699 1891
159 353 545 737 931 1123 1316 1509 1699 1891
159 353 545 737 932 1123 1316 1509 1700 1891
159 353 545 737 932 1123 1316 1509 1700 1891
160 353 545 737 932 1123 1316 1509 1700 1892
160 353 545 738 932 1123 1316 1509 1700 1892
160 353 545 738 932 1123 1316 1509 1700 1892
160 353 545 738 932 1123 1316 1509 1700 1892
160 353 545 738 932 1123 1316 1510 1700 1892
160 354 545 738 932 1123 1316 1510 1700 1892
160 354 545 738 932 1123 1317 1510 1700 1892
160 354 545 738 932 1123 1317 1510 1700 1892
160 354 545 738 932 1123 1317 1510 1700 1892
160 354 545 738 932 1123 1317 1510 1700 1893
160 354 546 738 932 1124 1317 1510 1700 1893
160 354 546 738 932 1124 1317 1510 1700 1893
160 354 546 738 932 1124 1317 1510 1701 1893
160 354 546 739 933 1124 1317 1510 1701 1893
161 354 546 739 933 1124 1317 1510 1701 1893
161 354 546 739 933 1124 1317 1510 1701 1893
161 354 546 739 933 1124 1317 1510 1701 1893
161 354 546 739 933 1124 1317 1511 1701 1894
161 354 546 739 933 1124 1317 1511 1701 1894
161 355 546 739 933 1124 1317 1511 1701 1894
161 355 546 739 933 1124 1317 1511 1701 1894
161 355 546 739 933 1124 1318 1511 1701 1894
161 355 546 739 933 1124 1318 1511 1701 1894
161 355 546 739 933 1125 1318 1511 1701 1894
161 355 547 739 933 1125 1318 1511 1701 1894
161 355 547 739 933 1125 1318 1511 1701 1895
161 355 547 740 933 1125 1318 1511 1702 1895
161 355 547 740 933 1125 1318 1511 1702 1895
162 355 547 740 934 1125 1318 1511 1702 1895
162 355 547 740 934 1125 1318 1512 1702 1895
162 355 547 740 934 1125 1318 1512 1702 1895
162 355 547 740 934 1125 1318 1512 1702 1895
162 355 547 740 934 1125 1318 1512 1702 1895
162 355 547 740 934 1125 1318 1512 1702 1896
162 356 547 740 934 1125 1318 1512 1702 1896
162 356 547 740 934 1125 1319 1512 1702 1896
162 356 547 740 934 1126 1319 1512 1702 1896
162 356 548 740 934 1126 1319 1512 1702 1896
162 356 548 741 934 1126 1319 1512 1702 1896
162 356 548 741 934 1126 1319 1512 1703 1896
162 356 548 741 934 1126 1319 1512 1703 1896
163 356 548 741 934 1126 1319 1513 1703 1897
163 356 548 741 935 1126 1319 1513 1703 1897
163 356 548 741 935 1126 1319 1513 1703 1897
163 356 548 741 935 1126 1319 1513 1703 1897
163 356 548 741 935 1126 1319 1513 1703 1897
163 356 548 741 935 1126 1319 1513 1703 1897
163 356 548 741 935 1126 1319 1513 1703 1897
163 357 548 741 935 1126 1319 1513 1703 1898
163 357 548 741 935 1127 1320 1513 1703 1898
163 357 549 741 935 1127 1320 1513 1703 1898
163 357 549 742 935 1127 1320 1513 1703 1898
163 357 549 742 935 1127 1320 1513 1704 1898
163 357 549 742 935 1127 1320 1514 1704 1898
163 357 549 742 935 1127 1320 1514 1704 1898
164 357 549 742 935 1127 1320 1514 1704 1898
164 357 549 742 935 1127 1320 1514 1704 1899
164 357 549 742 936 1127 1320 1514 1704 1899
164 357 549 742 936 1127 1320 1514 1704 1899
164 357 549 742 936 1127 1320 1514 1704 1899
164 357 549 742 936 1127 1320 1514 1704 1899
164 357 549 742 936 1127 1320 1514 1704 1899
164 358 549 742 936 1128 1321 1514 1704 1899
164 358 550 743 936 1128 1321 1514 1704 1899
164 358 550 743 936 1128 1321 1514 1704 1900
164 358 550 743 936 1128 1321 1515 1704 1900
164 358 550 743 936 1128 1321 1515 1705 1900
164 358 550 743 936 1128 1321 1515 1705 1900
165 358 550 743 936 1128 1321 1515 1705 1900
165 358 550 743 936 1128 1321 1515 1705 1900
165 358 550 743 936 1128 1321 1515 1705 1900
165 358 550 743 937 1128 1321 1515 1705 1901
165 358 550 743 937 1128 1321 1515 1705 1901
165 358 550 743 937 1128 1321 1515 1705 1901
165 358 550 743 937 1129 1321 1515 1705 1901
165 358 551 744 937 1129 1321 1515 1705 1901
165 359 551 744 937 1129 1322 1516 1705 1901
165 359 551 744 937 1129 1322 1516 1705 1901
165 359 551 744 937 1129 1322 1516 1705 1902
165 359 551 744 937 1129 1322 1516 1706 1902
165 359 551 744 937 1129 1322 1516 1706 1902
166 359 551 744 937 1129 1322 1516 1706 1902
166 359 551 744 937 1129 1322 1516 1706 1902
166 359 551 744 937 1129 1322 1516 1706 1902
166 359 551 744 937 1129 1322 1516 1706 1902
166 359 551 744 938 1129 1322 1516 1706 1902
166 359 551 744 938 1129 1322 1516 1706 1903
166 359 551 745 938 1130 1322 1516 1706 1903
166 359 552 745 938 1130 1322 1517 1706 1903
166 359 552 745 938 1130 1323 1517 1706 1903
166 360 552 745 938 1130 1323 1517 1706 1903
166 360 552 745 938 1130 1323 1517 1707 1903
166 360 552 745 938 1130 1323 1517 1707 1903
166 360 552 745 938 1130 1323 1517 1707 1904
167 360 552 745 938 1130 1323 1517 1707 1904
167 360 552 745 938 1130 1323 1517 1707 1904
167 360 552 745 938 1130 1323 1517 1707 1904
167 360 552 745 938 1130 1323 1517 1707 1904
167 360 552 746 938 1130 1323 1517 1707 1904
167 360 552 746 939 1131 1323 1518 1707 1904
167 360 553 746 939 1131 1323 1518 1707 1905
167 360 553 746 939 1131 1323 1518 1707 1905
167 360 553 746 939 1131 1323 1518 1707 1905
167 361 553 746 939 1131 1324 1518 1707 1905
167 361 553 746 939 1131 1324 1518 1708 1905
167 361 553 746 939 1131 1324 1518 1708 1905
167 361 553 746 939 1131 1324 1518 1708 1905
168 361 553 746 939 1131 1324 1518 1708 1906
168 361 553 746 939 1131 1324 1518 1708 1906
168 361 553 746 939 1131 1324 1518 1708 1906
168 361 553 747 939 1131 1324 1519 1708 1906
168 361 553 747 939 1132 1324 1519 1708 1906
168 361 553 747 940 1132 1324 1519 1708 1906
168 361 554 747 940 1132 1324 1519 1708 1906
168 361 554 747 940 1132 1324 1519 1708 1907
168 361 554 747 940 1132 1324 1519 1708 1907
168 361 554 747 940 1132 1325 1519 1709 1907
168 362 554 747 940 1132 1325 1519 1709 1907
168 362 554 747 940 1132 1325 1519 1709 1907
169 362 554 747 940 1132 1325 1519 1709 1907
169 362 554 747 940 1132 1325 1519 1709 1907
169 362 554 747 940 1132 1325 1519 1709 1908
169 362 554 748 940 1132 1325 1520 1709 1908
169 362 554 748 940 1133 1325 1520 1709 1908
169 362 554 748 940 1133 1325 1520 1709 1908
169 362 555 748 940 1133 1325 1520 1709 1908
169 362 555 748 941 1133 1325 1520 1709 1908
169 362 555 748 941 1133 1325 1520 1709 1908
169 362 555 748 941 1133 1325 1520 1709 1909
169 362 555 748 941 1133 1326 1520 1710 1909
169 363 555 748 941 1133 1326 1520 1710 1909
169 363 555 748 941 1133 1326 1520 1710 1909
170 363 555 748 941 1133 1326 1520 1710 1909
170 363 555 749 941 1133 1326 1521 1710 1909
170 363 555 749 941 1133 1326 1521 1710 1910
170 363 555 749 941 1134 1326 1521 1710 1910
170 363 555 749 941 1134 1326 1521 1710 1910
170 363 556 749 941 1134 1326 1521 1710 1910
170 363 556 749 941 1134 1326 1521 1710 1910
170 363 556 749 941 1134 1326 1521 1710 1910
170 363 556 749 942 1134 1326 1521 1710 1910
170 363 556 749 942 1134 1326 1521 1711 1911
170 363 556 749 942 1134 1327 1521 1711 1911
170 364 556 749 942 1134 1327 1521 1711 1911
171 364 556 750 942 1134 1327 1522 1711 1911
171 364 556 750 942 1134 1327 1522 1711 1911
171 364 556 750 942 1134 1327 1522 1711 1911
171 364 556 750 942 1135 1327 1522 1711 1912
171 364 556 750 942 1135 1327 1522 1711 1912
171 364 557 750 942 1135 1327 1522 1711 1912
171 364 557 750 942 1135 1327 1522 1711 1912
171 364 557 750 942 1135 1327 1522 1711 1912
171 364 557 750 942 1135 1327 1522 1711 1912
171 364 557 750 943 1135 1327 1522 1712 1912
171 364 557 750 943 1135 1328 1522 1712 1913
171 364 557 750 943 1135 1328 1523 1712 1913
172 364 557 751 943 1135 1328 1523 1712 1913
172 365 557 751 943 1135 1328 1523 1712 1913
172 365 557 751 943 1136 1328 1523 1712 1913
172 365 557 751 943 1136 1328 1523 1712 1913
172 365 558 751 943 1136 1328 1523 1712 1914
172 365 558 751 943 1136 1328 1523 1712 1914
172 365 558 751 943 1136 1328 1523 1712 1914
172 365 558 751 943 1136 1328 1523 1712 1914
172 365 558 751 943 1136 1328 1523 1712 1914
172 365 558 751 943 1136 1328 1524 1713 1914
172 365 558 751 944 1136 1328 1524 1713 1914
172 365 558 752 944 1136 1329 1524 1713 1915
172 365 558 752 944 1136 1329 1524 1713 1915
173 365 558 752 944 1136 1329 1524 1713 1915
173 366 558 752 944 1137 1329 1524 1713 1915
173 366 558 752 944 1137 1329 1524 1713 1915
173 366 559 752 944 1137 1329 1524 1713 1915
173 366 559 752 944 1137 1329 1524 1713 1916
173 366 559 752 944 1137 1329 1524 1713 1916
173 366 559 752 944 1137 1329 1524 1713 1916
173 366 559 752 944 1137 1329 1525 1713 1916
173 366 559 752 944 1137 1329 1525 1714 1916
173 366 559 753 944 1137 1329 1525 1714 1916
173 366 559 753 945 1137 1330 1525 1714 1917
173 366 559 753 945 1137 1330 1525 1714 1917
174 366 559 753 945 1138 1330 1525 1714 1917
174 366 559 753 945 1138 1330 1525 1714 1917
174 367 559 753 945 1138 1330 1525 1714 1917
174 367 560 753 945 1138 1330 1525 1714 1917
174 367 560 753 945 1138 1330 1525 1714 1917
174 367 560 753 945 1138 1330 1525 1714 1918
174 367 560 753 945 1138 1330 1526 1714 1918
174 367 560 753 945 1138 1330 1526 1714 1918
174 367 560 754 945 1138 1330 1526 1715 1918
174 367 560 754 945 1138 1330 1526 1715 1918
174 367 560 754 945 1138 1330 1526 1715 1918
174 367 560 754 946 1138 1331 1526 1715 1919
175 367 560 754 946 1139 1331 1526 1715 1919
175 367 560 754 946 1139 1331 1526 1715 1919
175 368 561 754 946 1139 1331 1526 1715 1919
175 368 561 754 946 1139 1331 1526 1715 1919
175 368 561 754 946 1139 1331 1527 1715 1919
175 368 561 754 946 1139 1331 1527 1715 1920
175 368 561 755 946 1139 1331 1527 1715 1920
175 368 561 755 946 1139 1331 1527 1716 1920
175 368 561 755 946 1139 1331 1527 1716 1920
175 368 561 755 946 1139 1331 1527 1716 1920
175 368 561 755 946 1139 1331 1527 1716 1920
176 368 561 755 946 1140 1332 1527 1716 1921
176 368 561 755 947 1140 1332 1527 1716 1921
176 368 562 755 947 1140 1332 1527 1716 1921
176 368 562 755 947 1140 1332 1527 1716 1921
176 369 562 755 947 1140 1332 1528 1716 1921
176 369 562 755 947 1140 1332 1528 1716 1921
176 369 562 756 947 1140 1332 1528 1716 1922
176 369 562 756 947 1140 1332 1528 1716 1922
176 369 562 756 947 1140 1332 1528 1717 1922
176 369 562 756 947 1140 1332 1528 1717 1922
176 369 562 756 947 1140 1332 1528 1717 1922
176 369 562 756 947 1141 1332 1528 1717 1922
177 369 562 756 947 1141 1333 1528 1717 1923
177 369 562 756 947 1141 1333 1528 1717 1923
177 369 563 756 948 1141 1333 1529 1717 1923
177 369 563 756 948 1141 1333 1529 1717 1923
177 369 563 756 948 1141 1333 1529 1717 1923
177 370 563 757 948 1141 1333 1529 1717 1923
177 370 563 757 948 1141 1333 1529 1717 1924
177 370 563 757 948 1141 1333 1529 1718 1924
177 370 563 757 948 1141 1333 1529 1718 1924
177 370 563 757 948 1141 1333 1529 1718 1924
177 370 563 757 948 1142 1333 1529 1718 1924
177 370 563 757 948 1142 1333 1529 1718 1924
178 370 563 757 948 1142 1334 1530 1718 1925
178 370 564 757 948 1142 1334 1530 1718 1925
178 370 564 757 949 1142 1334 1530 1718 1925
178 370 564 758 949 1142 1334 1530 1718 1925
178 370 564 758 949 1142 1334 1530 1718 1925
178 371 564 758 949 1142 1334 1530 1718 1925
178 371 564 758 949 1142 1334 1530 1718 1926
178 371 564 758 949 1142 1334 1530 1719 1926
178 371 564 758 949 1142 1334 1530 1719 1926
178 371 564 758 949 1143 1334 1530 1719 1926
178 371 564 758 949 1143 1334 1531 1719 1926
179 371 564 758 949 1143 1334 1531 1719 1927
179 371 565 758 949 1143 1335 1531 1719 1927
179 371 565 758 949 1143 1335 1531 1719 1927
179 371 565 759 949 1143 1335 1531 1719 1927
179 371 565 759 950 1143 1335 1531 1719 1927
179 371 565 759 950 1143 1335 1531 1719 1927
179 372 565 759 950 1143 1335 1531 1719 1928
179 372 565 759 950 1143 1335 1531 1720 1928
179 372 565 759 950 1144 1335 1531 1720 1928
179 372 565 759 950 1144 1335 1531 1720 1928
179 372 565 759 950 1144 1335 1532 1720 1928
179 372 565 759 950 1144 1335 1532 1720 1928
180 372 566 759 950 1144 1335 1532 1720 1929
180 372 566 760 950 1144 1336 1532 1720 1929
180 372 566 760 950 1144 1336 1532 1720 1929
180 372 566 760 950 1144 1336 1532 1720 1929
180 372 566 760 951 1144 1336 1532 1720 1929
180 372 566 760 951 1144 1336 1532 1720 1929
180 372 566 760 951 1144 1336 1532 1721 1930
180 373 566 760 951 1145 1336 1532 1721 1930
180 373 566 760 951 1145 1336 1533 1721 1930
180 373 566 760 951 1145 1336 1533 1721 1930
180 373 566 760 951 1145 1336 1533 1721 1930
181 373 567 761 951 1145 1336 1533 1721 1931
181 373 567 761 951 1145 1337 1533 1721 1931
181 373 567 761 951 1145 1337 1533 1721 1931
181 373 567 761 951 1145 1337 1533 1721 1931
181 373 567 761 951 1145 1337 1533 1721 1931
181 373 567 761 952 1145 1337 1533 1721 1931
181 373 567 761 952 1146 1337 1534 1722 1932
181 373 567 761 952 1146 1337 1534 1722 1932
181 374 567 761 952 1146 1337 1534 1722 1932
181 374 567 761 952 1146 1337 1534 1722 1932
181 374 568 761 952 1146 1337 1534 1722 1932
182 374 568 762 952 1146 1337 1534 1722 1933
182 374 568 762 952 1146 1337 1534 1722 1933
182 374 568 762 952 1146 1338 1534 1722 1933
182 374 568 762 952 1146 1338 1534 1722 1933
182 374 568 762 952 1146 1338 1534 1722 1933
182 374 568 762 952 1146 1338 1535 1722 1933
182 374 568 762 952 1147 1338 1535 1723 1934
182 374 568 762 953 1147 1338 1535 1723 1934
182 374 568 762 953 1147 1338 1535 1723 1934
182 375 568 762 953 1147 1338 1535 1723 1934
182 375 569 763 953 1147 1338 1535 1723 1934
183 375 569 763 953 1147 1338 1535 1723 1935
183 375 569 763 953 1147 1338 1535 1723 1935
183 375 569 763 953 1147 1339 1535 1723 1935
183 375 569 763 953 1147 1339 1535 1723 1935
183 375 569 763 953 1147 1339 1536 1723 1935
183 375 569 763 953 1148 1339 1536 1723 1935
183 375 569 763 953 1148 1339 1536 1724 1936
183 375 569 763 953 1148 1339 1536 1724 1936
183 375 569 763 954 1148 1339 1536 1724 1936
183 375 569 764 954 1148 1339 1536 1724 1936
183 376 570 764 954 1148 1339 1536 1724 1936
184 376 570 764 954 1148 1339 1536 1724 1937
184 376 570 764 954 1148 1339 1536 1724 1937
184 376 570 764 954 1148 1340 1536 1724 1937
184 376 570 764 954 1148 1340 1537 1724 1937
184 376 570 764 954 1148 1340 1537 1724 1937
184 376 570 764 954 1149 1340 1537 1725 1938
184 376 570 764 954 1149 1340 1537 1725 1938
184 376 570 764 954 1149 1340 1537 1725 1938
184 376 570 765 954 1149 1340 1537 1725 1938
184 376 571 765 955 1149 1340 1537 1725 1938
184 376 571 765 955 1149 1340 1537 1725 1938
185 377 571 765 955 1149 1340 1537 1725 1939
185 377 571 765 955 1149 1340 1537 1725 1939
185 377 571 765 955 1149 1340 1538 1725 1939
185 377 571 765 955 1149 1341 1538 1725 1939
185 377 571 765 955 1150 1341 1538 1725 1939
185 377 571 765 955 1150 1341 1538 1726 1940
185 377 571 765 955 1150 1341 1538 1726 1940
185 377 571 766 955 1150 1341 1538 1726 1940
185 377 572 766 955 1150 1341 1538 1726 1940
185 377 572 766 955 1150 1341 1538 1726 1940
185 377 572 766 956 1150 1341 1538 1726 1941
186 377 572 766 956 1150 1341 1539 1726 1941
186 378 572 766 956 1150 1341 1539 1726 1941
186 378 572 766 956 1150 1341 1539 1726 1941
186 378 572 766 956 1151 1342 1539 1726 1941
186 378 572 766 956 1151 1342 1539 1726 1942
186 378 572 767 956 1151 1342 1539 1727 1942
186 378 572 767 956 1151 1342 1539 1727 1942
186 378 572 767 956 1151 1342 1539 1727 1942
186 378 573 767 956 1151 1342 1539 1727 1942
186 378 573 767 956 1151 1342 1539 1727 1942
186 378 573 767 957 1151 1342 1540 1727 1943
187 378 573 767 957 1151 1342 1540 1727 1943
187 379 573 767 957 1151 1342 1540 1727 1943
187 379 573 767 957 1152 1342 1540 1727 1943
187 379 573 767 957 1152 1343 1540 1727 1943
187 379 573 768 957 1152 1343 1540 1728 1944
187 379 573 768 957 1152 1343 1540 1728 1944
187 379 573 768 957 1152 1343 1540 1728 1944
187 379 574 768 957 1152 1343 1540 1728 1944
187 379 574 768 957 1152 1343 1541 1728 1944
187 379 574 768 957 1152 1343 1541 1728 1945
187 379 574 768 957 1152 1343 1541 1728 1945
188 379 574 768 958 1152 1343 1541 1728 1945
188 379 574 768 958 1153 1343 1541 1728 1945
188 380 574 768 958 1153 1343 1541 1728 1945
188 380 574 769 958 1153 1344 1541 1729 1946
188 380 574 769 958 1153 1344 1541 1729 1946
188 380 574 769 958 1153 1344 1541 1729 1946
188 380 575 769 958 1153 1344 1541 1729 1946
188 380 575 769 958 1153 1344 1542 1729 1946
188 380 575 769 958 1153 1344 1542 1729 1947
188 380 575 769 958 1153 1344 1542 1729 1947
188 380 575 769 958 1153 1344 1542 1729 1947
189 380 575 769 958 1154 1344 1542 1729 1947
189 380 575 770 959 1154 1344 1542 1729 1947
189 380 575 770 959 1154 1344 1542 1729 1948
189 381 575 770 959 1154 1345 1542 1730 1948
189 381 575 770 959 1154 1345 1542 1730 1948
189 381 576 770 959 1154 1345 1543 1730 1948
189 381 576 770 959 1154 1345 1543 1730 1948
189 381 576 770 959 1154 1345 1543 1730 1949
189 381 576 770 959 1154 1345 1543 1730 1949
189 381 576 770 959 1154 1345 1543 1730 1949
190 381 576 770 959 1155 1345 1543 1730 1949
190 381 576 771 959 1155 1345 1543 1730 1949
190 381 576 771 960 1155 1345 1543 1730 1950
190 381 576 771 960 1155 1345 1543 1731 1950
190 382 576 771 960 1155 1346 1544 1731 1950
190 382 577 771 960 1155 1346 1544 1731 1950
190 382 577 771 960 1155 1346 1544 1731 1950
190 382 577 771 960 1155 1346 1544 1731 1951
190 382 577 771 960 1155 1346 1544 1731 1951
190 382 577 771 960 1155 1346 1544 1731 1951
190 382 577 772 960 1156 1346 1544 1731 1951
191 382 577 772 960 1156 1346 1544 1731 1951
191 382 577 772 960 1156 1346 1544 1731 1952
191 382 577 772 960 1156 1346 1545 1732 1952
191 382 577 772 961 1156 1347 1545 1732 1952
191 383 578 772 961 1156 1347 1545 1732 1952
191 383 578 772 961 1156 1347 1545 1732 1952
191 383 578 772 961 1156 1347 1545 1732 1953
191 383 578 772 961 1156 1347 1545 1732 1953
191 383 578 772 961 1157 1347 1545 1732 1953
191 383 578 773 961 1157 1347 1545 1732 1953
192 383 578 773 961 1157 1347 1545 1732 1953
192 383 578 773 961 1157 1347 1545 1732 1954
192 383 578 773 961 1157 1347 1546 1733 1954
192 383 578 773 961 1157 1347 1546 1733 1954
192 383 579 773 962 1157 1348 1546 1733 1954
192 383 579 773 962 1157 1348 1546 1733 1954
192 384 579 773 962 1157 1348 1546 1733 1955
192 384 579 773 962 1157 1348 1546 1733 1955
192 384 579 774 962 1158 1348 1546 1733 1955
192 384 579 774 962 1158 1348 1546 1733 1955
193 384 579 774 962 1158 1348 1546 1733 1956
193 384 579 774 962 1158 1348 1547 1733 1956
193 384 579 774 962 1158 1348 1547 1734 1956
193 384 579 774 962 1158 1348 1547 1734 1956
193 384 580 774 962 1158 1348 1547 1734 1956
193 384 580 774 962 1158 1349 1547 1734 1957
193 384 580 774 963 1158 1349 1547 1734 1957
193 385 580 774 963 1159 1349 1547 1734 1957
193 385 580 775 963 1159 1349 1547 1734 1957
193 385 580 775 963 1159 1349 1547 1734 1957
193 385 580 775 963 1159 1349 1548 1734 1958
194 385 580 775 963 1159 1349 1548 1734 1958
194 385 580 775 963 1159 1349 1548 1735 1958
194 385 580 775 963 1159 1349 1548 1735 1958
194 385 581 775 963 1159 1349 1548 1735 1958
194 385 581 775 963 1159 1350 1548 1735 1959
194 385 581 775 963 1159 1350 1548 1735 1959
194 385 581 776 964 1160 1350 1548 1735 1959
194 386 581 776 964 1160 1350 1548 1735 1959
194 386 581 776 964 1160 1350 1549 1735 1959
194 386 581 776 964 1160 1350 1549 1735 1960
195 386 581 776 964 1160 1350 1549 1735 1960
195 386 581 776 964 1160 1350 1549 1736 1960
195 386 582 776 964 1160 1350 1549 1736 1960
195 386 582 776 964 1160 1350 1549 1736 1961
195 386 582 776 964 1160 1350 1549 1736 1961
195 386 582 777 964 1161 1351 1549 1736 1961
195 386 582 777 964 1161 1351 1549 1736 1961
195 386 582 777 965 1161 1351 1550 1736 1961
195 387 582 777 965 1161 1351 1550 1736 1962
195 387 582 777 965 1161 1351 1550 1736 1962
196 387 582 777 965 1161 1351 1550 1736 1962
196 387 582 777 965 1161 1351 1550 1737 1962
196 387 583 777 965 1161 1351 1550 1737 1962
196 387 583 777 965 1161 1351 1550 1737 1963
196 387 583 778 965 1161 1351 1550 1737 1963
196 387 583 778 965 1162 1352 1550 1737 1963
196 387 583 778 965 1162 1352 1551 1737 1963
196 387 583 778 965 1162 1352 1551 1737 1964
196 387 583 778 966 1162 1352 1551 1737 1964
196 388 583 778 966 1162 1352 1551 1737 1964
197 388 583 778 966 1162 1352 1551 1738 1964
197 388 583 778 966 1162 1352 1551 1738 1964
197 388 584 778 966 1162 1352 1551 1738 1965
197 388 584 779 966 1162 1352 1551 1738 1965
197 388 584 779 966 1163 1352 1552 1738 1965
197 388 584 779 966 1163 1353 1552 1738 1965
197 388 584 779 966 1163 1353 1552 1738 1966
197 388 584 779 966 1163 1353 1552 1738 1966
197 388 584 779 966 1163 1353 1552 1738 1966
197 388 584 779 967 1163 1353 1552 1738 1966
198 389 584 779 967 1163 1353 1552 1739 1966
198 389 585 779 967 1163 1353 1552 1739 1967
198 389 585 780 967 1163 1353 1552 1739 1967
198 389 585 780 967 1164 1353 1553 1739 1967
198 389 585 780 967 1164 1353 1553 1739 1967
198 389 585 780 967 1164 1354 1553 1739 1968
198 389 585 780 967 1164 1354 1553 1739 1968
198 389 585 780 967 1164 1354 1553 1739 1968
198 389 585 780 967 1164 1354 1553 1739 1968
198 389 585 780 967 1164 1354 1553 1739 1968
199 389 586 780 968 1164 1354 1553 1740 1969
199 390 586 781 968 1164 1354 1553 1740 1969
199 390 586 781 968 1165 1354 1554 1740 1969
199 390 586 781 968 1165 1354 1554 1740 1969
199 390 586 781 968 1165 1354 1554 1740 1969
199 390 586 781 968 1165 1354 1554 1740 1970
199 390 586 781 968 1165 1355 1554 1740 1970
199 390 586 781 968 1165 1355 1554 1740 1970
199 390 586 781 968 1165 1355 1554 1740 1970
199 390 586 781 968 1165 1355 1554 1741 1971
200 390 587 782 968 1165 1355 1554 1741 1971
200 390 587 782 969 1166 1355 1555 1741 1971
200 391 587 782 969 1166 1355 1555 1741 1971
200 391 587 782 969 1166 1355 1555 1741 1972
200 391 587 782 969 1166 1355 1555 1741 1972
200 391 587 782 969 1166 1355 1555 1741 1972
200 391 587 782 969 1166 1356 1555 1741 1972
200 391 587 782 969 1166 1356 1555 1741 1972
200 391 587 782 969 1166 1356 1555 1741 1973
200 391 588 783 969 1166 1356 1556 1742 1973
201 391 588 783 969 1167 1356 1556 1742 1973
201 391 588 783 969 1167 1356 1556 1742 1973
201 391 588 783 970 1167 1356 1556 1742 1974
201 392 588 783 970 1167 1356 1556 1742 1974
201 392 588 783 970 1167 1356 1556 1742 1974
201 392 588 783 970 1167 1356 1556 1742 1974
201 392 588 783 970 1167 1357 1556 1742 1974
201 392 588 783 970 1167 1357 1556 1742 1975
201 392 589 784 970 1167 1357 1557 1743 1975
201 392 589 784 970 1168 1357 1557 1743 1975
202 392 589 784 970 1168 1357 1557 1743 1975
202 392 589 784 970 1168 1357 1557 1743 1976
202 392 589 784 971 1168 1357 1557 1743 1976
202 393 589 784 971 1168 1357 1557 1743 1976
202 393 589 784 971 1168 1357 1557 1743 1976
202 393 589 784 971 1168 1357 1557 1743 1977
202 393 589 785 971 1168 1358 1558 1743 1977
202 393 589 785 971 1168 1358 1558 1743 1977
202 393 590 785 971 1169 1358 1558 1744 1977
203 393 590 785 971 1169 1358 1558 1744 1977
203 393 590 785 971 1169 1358 1558 1744 1978
203 393 590 785 971 1169 1358 1558 1744 1978
203 393 590 785 971 1169 1358 1558 1744 1978
203 393 590 785 972 1169 1358 1558 1744 1978
203 394 590 785 972 1169 1358 1558 1744 1979
203 394 590 786 972 1169 1358 1559 1744 1979
203 394 590 786 972 1169 1359 1559 1744 1979
203 394 591 786 972 1170 1359 1559 1745 1979
203 394 591 786 972 1170 1359 1559 1745 1980
204 394 591 786 972 1170 1359 1559 1745 1980
204 394 591 786 972 1170 1359 1559 1745 1980
204 394 591 786 972 1170 1359 1559 1745 1980
204 394 591 786 972 1170 1359 1559 1745 1980
204 394 591 786 972 1170 1359 1560 1745 1981
204 395 591 787 973 1170 1359 1560 1745 1981
204 395 591 787 973 1170 1360 1560 1745 1981
204 395 592 787 973 1171 1360 1560 1746 1981
204 395 592 787 973 1171 1360 1560 1746 1982
204 395 592 787 973 1171 1360 1560 1746 1982
205 395 592 787 973 1171 1360 1560 1746 1982
205 395 592 787 973 1171 1360 1560 1746 1982
205 395 592 787 973 1171 1360 1560 1746 1983
205 395 592 788 973 1171 1360 1561 1746 1983
205 395 592 788 973 1171 1360 1561 1746 1983
205 395 592 788 974 1171 1360 1561 1746 1983
205 396 593 788 974 1172 1361 1561 1747 1984
205 396 593 788 974 1172 1361 1561 1747 1984
205 396 593 788 974 1172 1361 1561 1747 1984
206 396 593 788 974 1172 1361 1561 1747 1984
206 396 593 788 974 1172 1361 1561 1747 1984
206 396 593 788 974 1172 1361 1562 1747 1985
206 396 593 789 974 1172 1361 1562 1747 1985
206 396 593 789 974 1172 1361 1562 1747 1985
206 396 593 789 974 1172 1361 1562 1747 1985
206 396 594 789 975 1173 1361 1562 1748 1986
206 397 594 789 975 1173 1362 1562 1748 1986
206 397 594 789 975 1173 1362 1562 1748 1986
206 397 594 789 975 1173 1362 1562 1748 1986
207 397 594 789 975 1173 1362 1563 1748 1987
207 397 594 790 975 1173 1362 1563 1748 1987
207 397 594 790 975 1173 1362 1563 1748 1987
207 397 594 790 975 1173 1362 1563 1748 1987
207 397 594 790 975 1174 1362 1563 1748 1988
207 397 595 790 975 1174 1362 1563 1749 1988
207 397 595 790 975 1174 1363 1563 1749 1988
207 397 595 790 976 1174 1363 1563 1749 1988
207 398 595 790 976 1174 1363 1563 1749 1989
208 398 595 790 976 1174 1363 1564 1749 1989
208 398 595 791 976 1174 1363 1564 1749 1989
208 398 595 791 976 1174 1363 1564 1749 1989
208 398 595 791 976 1174 1363 1564 1749 1989
208 398 595 791 976 1175 1363 1564 1749 1990
208 398 596 791 976 1175 1363 1564 1749 1990
208 398 596 791 976 1175 1363 1564 1750 1990
208 398 596 791 976 1175 1364 1564 1750 1990
208 398 596 791 977 1175 1364 1565 1750 1991
209 399 596 792 977 1175 1364 1565 1750 1991
209 399 596 792 977 1175 1364 1565 1750 1991
209 399 596 792 977 1175 1364 1565 1750 1991
209 399 596 792 977 1176 1364 1565 1750 1992
209 399 597 792 977 1176 1364 1565 1750 1992
209 399 597 792 977 1176 1364 1565 1751 1992
209 399 597 792 977 1176 1364 1565 1751 1992
209 399 597 792 977 1176 1364 1566 1751 1993
209 399 597 792 977 1176 1365 1566 1751 1993
209 399 597 793 978 1176 1365 1566 1751 1993
210 400 597 793 978 1176 1365 1566 1751 1993
210 400 597 793 978 1176 1365 1566 1751 1994
210 400 597 793 978 1177 1365 1566 1751 1994
210 400 598 793 978 1177 1365 1566 1751 1994
210 400 598 793 978 1177 1365 1566 1752 1994
210 400 598 793 978 1177 1365 1567 1752 1995
210 400 598 793 978 1177 1365 1567 1752 1995
210 400 598 794 978 1177 1366 1567 1752 1995
210 400 598 794 978 1177 1366 1567 1752 1995
211 400 598 794 978 1177 1366 1567 1752 1996
211 401 598 794 979 1178 1366 1567 1752 1996
211 401 598 794 979 1178 1366 1567 1752 1996
211 401 599 794 979 1178 1366 1567 1752 1996
211 401 599 794 979 1178 1366 1568 1753 1997
211 401 599 794 979 1178 1366 1568 1753 1997
211 401 599 795 979 1178 1366 1568 1753 1997
211 401 599 795 979 1178 1367 1568 1753 1997
211 401 599 795 979 1178 1367 1568 1753 1998
212 401 599 795 979 1178 1367 1568 1753 1998
212 401 599 795 979 1179 1367 1568 1753 1998
212 401 599 795 980 1179 1367 1568 1753 1998
212 402 600 795 980 1179 1367 1569 1753 1999
212 402 600 795 980 1179 1367 1569 1754 1999
212 402 600 796 980 1179 1367 1569 1754 1999
212 402 600 796 980 1179 1367 1569 1754 1999
212 402 600 796 980 1179 1367 1569 1754 2000
