119 315 506 701 895 1094 1286 1469 1656 1869
119 315 506 701 895 1094 1286 1469 1656 1869
119 315 506 701 895 1094 1286 1469 1656 1869
119 315 506 701 895 1094 1286 1469 1656 1869
119 315 506 701 895 1094 1286 1469 1656 1869
119 315 506 701 895 1094 1286 1469 1656 1869
118 315 506 701 895 1093 1286 1469 1656 1869
118 315 506 701 895 1093 1286 1469 1656 1869
118 315 506 701 895 1093 1286 1469 1656 1869
118 315 506 701 894 1093 1286 1469 1656 1869
118 315 506 701 894 1093 1286 1469 1656 1869
118 315 506 701 894 1093 1286 1469 1656 1869
118 315 506 700 894 1093 1286 1469 1656 1869
118 315 506 700 894 1093 1286 1469 1656 1868
118 315 506 700 894 1093 1286 1469 1656 1868
118 315 506 700 894 1093 1286 1469 1656 1868
118 315 506 700 894 1093 1286 1469 1656 1868
118 315 506 700 894 1093 1286 1469 1656 1868
118 315 506 700 894 1093 1285 1469 1656 1868
118 315 506 700 894 1093 1285 1469 1656 1868
118 315 506 700 894 1093 1285 1469 1656 1868
118 315 506 700 894 1093 1285 1469 1656 1868
118 315 506 700 894 1093 1285 1469 1656 1868
118 315 506 700 894 1093 1285 1469 1656 1868
118 315 506 700 894 1093 1285 1469 1656 1868
118 315 506 700 894 1093 1285 1469 1656 1868
118 315 506 700 894 1093 1285 1469 1656 1868
118 315 506 700 894 1093 1285 1469 1656 1868
118 315 506 700 894 1093 1285 1469 1656 1868
118 315 506 700 894 1093 1285 1469 1656 1868
118 315 506 700 894 1093 1285 1469 1656 1868
118 315 506 700 894 1093 1285 1469 1656 1868
118 315 506 700 894 1093 1285 1469 1656 1868
118 315 506 700 894 1093 1285 1469 1656 1868
118 315 506 700 894 1093 1285 1468 1656 1868
118 315 506 700 894 1093 1285 1468 1656 1868
118 315 506 700 894 1093 1285 1468 1656 1868
118 315 506 700 894 1093 1285 1468 1656 1868
118 315 506 700 894 1092 1285 1468 1656 1868
118 314 505 700 894 1092 1285 1468 1656 1867
118 314 505 700 894 1092 1285 1468 1656 1867
118 314 505 700 894 1092 1285 1468 1656 1867
118 314 505 700 894 1092 1285 1468 1656 1867
118 314 505 700 894 1092 1285 1468 1656 1867
118 314 505 700 894 1092 1285 1468 1656 1867
118 314 505 700 894 1092 1285 1468 1656 1867
118 314 505 700 894 1092 1285 1468 1656 1867
118 314 505 700 894 1092 1285 1468 1656 1867
118 314 505 700 894 1092 1285 1468 1656 1867
118 314 505 700 894 1092 1285 1468 1656 1867
118 314 505 700 894 1092 1285 1468 1656 1867
118 314 505 700 894 1092 1285 1468 1656 1867
118 314 505 700 894 1092 1285 1468 1656 1867
118 314 505 700 894 1092 1285 1468 1656 1867
118 314 505 700 894 1092 1285 1468 1656 1867
118 314 505 700 894 1092 1285 1468 1656 1867
118 314 505 700 894 1092 1285 1468 1656 1867
118 314 505 699 894 1092 1285 1468 1656 1867
118 314 505 699 894 1092 1285 1468 1656 1867
118 314 505 699 894 1092 1285 1468 1656 1867
118 314 505 699 894 1092 1285 1468 1656 1867
118 314 505 699 894 1092 1284 1468 1656 1867
118 314 505 699 893 1092 1284 1468 1656 1867
118 314 505 699 893 1092 1284 1468 1656 1867
118 314 505 699 893 1092 1284 1468 1656 1867
118 314 505 699 893 1092 1284 1468 1656 1867
118 314 505 699 893 1092 1284 1468 1656 1867
118 314 505 699 893 1092 1284 1468 1656 1867
118 314 505 699 893 1092 1284 1468 1656 1866
118 314 505 699 893 1092 1284 1468 1656 1866
118 314 505 699 893 1092 1284 1468 1656 1866
118 314 505 699 893 1092 1284 1468 1656 1866
118 314 505 699 893 1092 1284 1468 1656 1866
118 314 505 699 893 1091 1284 1468 1656 1866
118 314 505 699 893 1091 1284 1468 1656 1866
118 314 505 699 893 1091 1284 1468 1656 1866
118 314 505 699 893 1091 1284 1468 1656 1866
118 314 505 699 893 1091 1284 1468 1656 1866
118 314 505 699 893 1091 1284 1468 1656 1866
118 314 505 699 893 1091 1284 1468 1656 1866
118 314 505 699 893 1091 1284 1468 1656 1866
118 314 505 699 893 1091 1284 1468 1656 1866
117 314 505 699 893 1091 1284 1468 1656 1866
117 314 505 699 893 1091 1284 1468 1656 1866
117 314 505 699 893 1091 1284 1468 1656 1866
117 314 505 699 893 1091 1284 1468 1656 1866
117 314 505 699 893 1091 1284 1468 1656 1866
117 314 505 699 893 1091 1284 1468 1656 1866
117 314 505 699 893 1091 1284 1468 1656 1866
117 314 505 699 893 1091 1284 1468 1656 1866
117 314 505 699 893 1091 1284 1468 1656 1866
117 314 505 699 893 1091 1284 1468 1656 1866
117 314 505 699 893 1091 1284 1468 1656 1866
117 314 505 699 893 1091 1284 1468 1656 1866
117 314 505 699 893 1091 1284 1468 1656 1866
117 314 505 699 893 1091 1284 1468 1656 1866
117 314 505 699 893 1091 1284 1468 1656 1866
117 314 505 699 893 1091 1284 1468 1656 1865
117 314 505 699 893 1091 1284 1468 1656 1865
117 314 505 699 893 1091 1284 1468 1656 1865
117 314 505 699 893 1091 1284 1468 1656 1865
117 314 505 699 893 1091 1284 1468 1656 1865
117 314 505 699 893 1091 1284 1468 1656 1865
117 314 505 699 893 1091 1284 1468 1656 1865
117 314 505 699 893 1091 1284 1468 1656 1865
117 314 505 699 893 1091 1284 1468 1656 1865
117 314 505 699 893 1091 1284 1468 1656 1865
117 314 505 699 893 1091 1284 1468 1656 1865
117 314 505 699 893 1091 1284 1468 1656 1865
117 314 505 699 893 1091 1284 1468 1656 1865
117 314 505 698 893 1091 1283 1468 1656 1865
117 314 505 698 893 1091 1283 1468 1656 1865
117 314 505 698 893 1090 1283 1468 1656 1865
117 314 505 698 893 1090 1283 1468 1656 1865
117 314 505 698 893 1090 1283 1468 1656 1865
117 314 505 698 893 1090 1283 1468 1656 1865
117 314 505 698 893 1090 1283 1468 1656 1865
117 314 505 698 893 1090 1283 1468 1656 1865
117 314 505 698 893 1090 1283 1468 1656 1865
117 314 505 698 893 1090 1283 1468 1656 1865
117 314 505 698 893 1090 1283 1468 1656 1865
117 314 505 698 893 1090 1283 1468 1656 1865
117 314 505 698 893 1090 1283 1468 1656 1865
117 314 505 698 893 1090 1283 1468 1656 1865
117 314 505 698 893 1090 1283 1468 1656 1865
117 314 505 698 893 1090 1283 1468 1656 1865
117 314 505 698 893 1090 1283 1468 1656 1865
117 314 505 698 893 1090 1283 1468 1656 1865
117 314 505 698 892 1090 1283 1468 1656 1865
117 314 505 698 892 1090 1283 1468 1656 1864
117 314 505 698 892 1090 1283 1468 1656 1864
117 314 505 698 892 1090 1283 1468 1656 1864
117 314 505 698 892 1090 1283 1468 1656 1864
117 314 505 698 892 1090 1283 1468 1656 1864
117 313 505 698 892 1090 1283 1468 1656 1864
117 313 505 698 892 1090 1283 1468 1656 1864
117 313 505 698 892 1090 1283 1468 1656 1864
117 313 505 698 892 1090 1283 1468 1656 1864
117 313 505 698 892 1090 1283 1468 1656 1864
117 313 505 698 892 1090 1283 1468 1656 1864
117 313 505 698 892 1090 1283 1468 1656 1864
117 313 505 698 892 1090 1283 1468 1656 1864
117 313 505 698 892 1090 1283 1468 1656 1864
117 313 505 698 892 1090 1283 1468 1656 1864
117 313 505 698 892 1090 1283 1468 1656 1864
117 313 505 698 892 1090 1283 1468 1656 1864
117 313 505 698 892 1090 1283 1468 1656 1864
117 313 505 698 892 1090 1283 1468 1656 1864
117 313 504 698 892 1090 1283 1468 1656 1864
117 313 504 698 892 1090 1283 1468 1656 1864
117 313 504 698 892 1090 1283 1468 1656 1864
117 313 504 698 892 1090 1283 1468 1656 1864
117 313 504 698 892 1090 1283 1468 1656 1864
117 313 504 698 892 1090 1283 1468 1656 1864
117 313 504 698 892 1090 1283 1468 1656 1864
117 313 504 698 892 1090 1283 1468 1656 1864
117 313 504 698 892 1089 1283 1468 1656 1864
117 313 504 698 892 1089 1283 1468 1656 1864
117 313 504 698 892 1089 1283 1468 1656 1864
117 313 504 698 892 1089 1283 1468 1656 1864
117 313 504 698 892 1089 1283 1468 1656 1864
117 313 504 698 892 1089 1283 1468 1656 1864
117 313 504 698 892 1089 1283 1468 1656 1864
117 313 504 698 892 1089 1283 1468 1656 1863
117 313 504 698 892 1089 1283 1468 1656 1863
117 313 504 698 892 1089 1283 1468 1656 1863
117 313 504 698 892 1089 1283 1468 1656 1863
117 313 504 698 892 1089 1283 1468 1656 1863
117 313 504 698 892 1089 1283 1468 1656 1863
117 313 504 698 892 1089 1283 1468 1656 1863
117 313 504 698 892 1089 1282 1468 1656 1863
117 313 504 698 892 1089 1282 1468 1656 1863
117 313 504 698 892 1089 1282 1468 1656 1863
117 313 504 698 892 1089 1282 1468 1656 1863
117 313 504 698 892 1089 1282 1468 1656 1863
117 313 504 698 892 1089 1282 1468 1656 1863
117 313 504 698 892 1089 1282 1468 1656 1863
117 313 504 697 892 1089 1282 1468 1656 1863
117 313 504 697 892 1089 1282 1468 1656 1863
117 313 504 697 892 1089 1282 1468 1656 1863
117 313 504 697 892 1089 1282 1468 1656 1863
117 313 504 697 892 1089 1282 1468 1656 1863
117 313 504 697 892 1089 1282 1468 1656 1863
117 313 504 697 892 1089 1282 1468 1656 1863
117 313 504 697 892 1089 1282 1468 1657 1863
117 313 504 697 892 1089 1282 1468 1657 1863
117 313 504 697 892 1089 1282 1468 1657 1863
117 313 504 697 892 1089 1282 1468 1657 1863
117 313 504 697 892 1089 1282 1468 1657 1863
117 313 504 697 892 1089 1282 1468 1657 1863
117 313 504 697 892 1089 1282 1468 1657 1863
117 313 504 697 892 1089 1282 1468 1657 1863
117 313 504 697 892 1089 1282 1468 1657 1863
117 313 504 697 892 1089 1282 1468 1657 1863
117 313 504 697 892 1089 1282 1468 1657 1863
117 313 504 697 892 1089 1282 1468 1657 1863
117 313 504 697 892 1089 1282 1468 1657 1863
117 313 504 697 892 1089 1282 1468 1657 1863
117 313 504 697 892 1089 1282 1468 1657 1863
117 313 504 697 892 1089 1282 1468 1657 1863
117 313 504 697 892 1089 1282 1468 1657 1862
117 313 504 697 892 1089 1282 1468 1657 1862
117 313 504 697 892 1089 1282 1468 1657 1862
117 313 504 697 892 1089 1282 1468 1657 1862
117 313 504 697 892 1089 1282 1468 1657 1862
117 313 504 697 892 1089 1282 1468 1657 1862
117 313 504 697 892 1089 1282 1468 1657 1862
117 313 504 697 892 1088 1282 1468 1657 1862
117 313 504 697 892 1088 1282 1468 1657 1862
117 313 504 697 892 1088 1282 1468 1657 1862
117 313 504 697 892 1088 1282 1468 1657 1862
117 313 504 697 892 1088 1282 1468 1657 1862
117 313 504 697 892 1088 1282 1468 1657 1862
117 313 504 697 892 1088 1282 1468 1657 1862
117 313 504 697 892 1088 1282 1468 1657 1862
117 313 504 697 892 1088 1282 1468 1657 1862
117 313 504 697 892 1088 1282 1468 1657 1862
117 313 504 697 892 1088 1282 1468 1657 1862
117 313 504 697 892 1088 1282 1468 1657 1862
117 313 504 697 892 1088 1282 1468 1657 1862
117 313 504 697 892 1088 1282 1468 1657 1862
117 313 504 697 892 1088 1282 1468 1657 1862
117 313 504 697 892 1088 1282 1468 1657 1862
117 313 504 697 892 1088 1282 1468 1657 1862
117 313 504 697 892 1088 1282 1468 1657 1862
117 313 504 697 892 1088 1282 1468 1657 1862
117 313 504 697 892 1088 1282 1468 1657 1862
117 313 504 697 892 1088 1282 1468 1657 1862
117 313 504 697 891 1088 1282 1468 1657 1862
117 313 504 697 891 1088 1282 1468 1657 1862
117 313 504 697 891 1088 1282 1468 1657 1862
117 313 504 697 891 1088 1282 1468 1657 1862
117 313 504 697 891 1088 1282 1468 1657 1862
117 313 504 697 891 1088 1282 1468 1657 1862
117 313 504 697 891 1088 1282 1468 1657 1862
117 313 504 697 891 1088 1282 1468 1657 1862
117 313 504 697 891 1088 1282 1468 1657 1862
117 313 504 697 891 1088 1282 1468 1657 1862
117 313 504 697 891 1088 1282 1468 1657 1862
117 313 504 697 891 1088 1282 1468 1657 1862
117 313 504 697 891 1088 1282 1468 1657 1862
117 313 504 697 891 1088 1282 1468 1657 1861
117 313 504 697 891 1088 1282 1468 1657 1861
117 313 504 697 891 1088 1282 1468 1657 1861
117 313 504 697 891 1088 1282 1468 1657 1861
117 313 504 697 891 1088 1282 1468 1657 1861
117 313 504 697 891 1088 1282 1468 1657 1861
117 313 504 697 891 1088 1282 1468 1657 1861
116 313 504 697 891 1088 1282 1468 1657 1861
116 313 504 697 891 1088 1282 1468 1657 1861
116 313 504 697 891 1088 1282 1468 1657 1861
116 313 504 697 891 1088 1282 1468 1657 1861
116 313 504 697 891 1088 1282 1468 1657 1861
116 313 504 697 891 1088 1282 1468 1657 1861
116 313 504 697 891 1088 1282 1468 1657 1861
116 313 504 697 891 1088 1281 1468 1657 1861
116 313 504 697 891 1088 1281 1468 1657 1861
116 313 504 697 891 1088 1281 1468 1657 1861
116 313 504 697 891 1088 1281 1468 1657 1861
116 313 504 697 891 1088 1281 1468 1657 1861
116 313 504 697 891 1088 1281 1468 1657 1861
116 313 504 697 891 1088 1281 1468 1657 1861
116 313 504 697 891 1088 1281 1468 1657 1861
116 313 504 697 891 1088 1281 1468 1657 1861
116 313 504 697 891 1088 1281 1468 1657 1861
116 313 504 697 891 1088 1281 1468 1657 1861
116 313 504 697 891 1088 1281 1468 1657 1861
116 313 504 697 891 1088 1281 1469 1657 1861
116 313 504 697 891 1088 1281 1469 1657 1861
116 313 504 697 891 1088 1281 1469 1657 1861
116 313 504 697 891 1088 1281 1469 1657 1861
116 313 504 697 891 1088 1281 1469 1657 1861
116 313 504 697 891 1088 1281 1469 1657 1861
116 313 504 697 891 1088 1281 1469 1657 1861
116 313 504 697 891 1087 1281 1469 1657 1861
116 313 504 697 891 1087 1281 1469 1657 1861
116 313 504 697 891 1087 1281 1469 1657 1861
116 313 504 697 891 1087 1281 1469 1657 1861
116 313 504 697 891 1087 1281 1469 1657 1861
116 313 504 697 891 1087 1281 1469 1657 1861
116 313 504 697 891 1087 1281 1469 1657 1861
116 313 504 697 891 1087 1281 1469 1657 1861
116 313 504 697 891 1087 1281 1469 1657 1861
116 313 504 697 891 1087 1281 1469 1657 1861
116 313 504 697 891 1087 1281 1469 1657 1861
116 313 504 697 891 1087 1281 1469 1658 1861
116 313 504 697 891 1087 1281 1469 1658 1861
116 313 504 697 891 1087 1281 1469 1658 1861
117 313 504 697 891 1087 1281 1469 1658 1860
117 313 504 697 891 1087 1281 1469 1658 1860
117 313 504 697 891 1087 1281 1469 1658 1860
117 313 504 696 891 1087 1281 1469 1658 1860
117 313 504 696 891 1087 1281 1469 1658 1860
117 313 504 696 891 1087 1281 1469 1658 1860
117 313 504 696 891 1087 1281 1469 1658 1860
117 313 504 696 891 1087 1281 1469 1658 1860
117 313 504 696 891 1087 1281 1469 1658 1860
117 313 504 696 891 1087 1281 1469 1658 1860
117 313 504 696 891 1087 1281 1469 1658 1860
117 313 504 696 891 1087 1281 1469 1658 1860
117 313 504 696 891 1087 1281 1469 1658 1860
117 313 504 696 891 1087 1281 1469 1658 1860
117 313 504 696 891 1087 1281 1469 1658 1860
117 313 504 696 891 1087 1281 1469 1658 1860
117 313 504 696 891 1087 1281 1469 1658 1860
117 313 504 696 891 1087 1281 1469 1658 1860
117 313 504 696 891 1087 1281 1469 1658 1860
117 313 504 696 891 1087 1281 1469 1658 1860
117 313 504 696 891 1087 1281 1469 1658 1860
117 313 504 696 891 1087 1281 1469 1658 1860
117 313 504 696 891 1087 1281 1469 1658 1860
117 313 504 696 891 1087 1281 1469 1658 1860
117 313 504 696 891 1087 1281 1469 1658 1860
117 313 504 696 891 1087 1281 1469 1658 1860
117 313 504 696 891 1087 1281 1469 1658 1860
117 313 504 696 891 1087 1281 1469 1658 1860
117 313 504 696 891 1087 1281 1469 1658 1860
117 313 504 696 891 1087 1281 1469 1658 1860
117 313 504 696 891 1087 1281 1469 1658 1860
117 313 504 696 891 1087 1281 1469 1658 1860
117 313 504 696 891 1087 1281 1469 1658 1860
117 313 504 696 891 1087 1281 1469 1658 1860
117 313 504 696 891 1087 1281 1469 1658 1860
117 313 504 696 891 1087 1281 1469 1658 1860
117 313 504 696 891 1087 1281 1469 1658 1860
117 313 504 696 891 1087 1281 1469 1658 1860
117 313 504 696 891 1087 1281 1469 1658 1860
117 313 504 696 891 1087 1281 1469 1658 1860
117 313 504 696 891 1087 1281 1469 1658 1860
117 313 504 696 891 1087 1281 1469 1658 1860
117 313 504 696 891 1087 1281 1469 1658 1860
117 313 504 696 891 1087 1281 1469 1658 1860
117 313 504 696 891 1087 1281 1469 1658 1860
117 313 504 696 891 1087 1281 1469 1658 1860
117 313 504 696 891 1087 1281 1469 1658 1860
117 313 504 696 891 1087 1281 1469 1658 1860
117 313 504 696 891 1087 1281 1469 1658 1860
117 313 504 696 891 1087 1281 1469 1658 1860
117 313 504 696 891 1087 1281 1469 1658 1860
117 313 504 696 891 1087 1281 1469 1658 1860
117 313 504 696 891 1087 1281 1469 1658 1860
117 313 504 696 891 1087 1281 1469 1658 1860
117 313 504 696 891 1087 1281 1469 1658 1860
117 313 504 696 891 1087 1281 1469 1658 1859
117 313 504 696 891 1087 1281 1469 1658 1859
117 313 504 696 891 1087 1281 1469 1658 1859
117 313 504 696 891 1087 1281 1469 1658 1859
117 313 504 696 891 1087 1281 1469 1658 1859
117 313 504 696 891 1087 1281 1469 1658 1859
117 313 504 696 891 1087 1281 1469 1658 1859
117 313 504 696 891 1087 1281 1469 1658 1859
117 313 504 696 891 1087 1281 1469 1658 1859
117 313 504 696 891 1087 1281 1469 1658 1859
117 313 504 696 891 1087 1281 1469 1658 1859
117 313 504 696 891 1087 1281 1469 1658 1859
117 313 504 696 891 1087 1281 1469 1658 1859
117 313 504 696 891 1087 1281 1469 1658 1859
117 313 504 696 891 1087 1281 1469 1658 1859
117 313 505 696 891 1087 1281 1469 1658 1859
117 313 505 696 891 1087 1281 1469 1658 1859
117 313 505 696 891 1087 1281 1469 1658 1859
117 313 505 696 891 1087 1281 1469 1659 1859
117 313 505 696 891 1087 1281 1469 1659 1859
117 313 505 696 891 1087 1281 1469 1659 1859
117 313 505 696 891 1087 1281 1469 1659 1859
117 313 505 696 891 1087 1281 1469 1659 1859
117 313 505 696 891 1087 1281 1469 1659 1859
117 313 505 696 891 1087 1281 1469 1659 1859
117 313 505 696 891 1087 1281 1469 1659 1859
117 313 505 696 891 1087 1281 1469 1659 1859
117 313 505 696 891 1087 1281 1469 1659 1859
117 313 505 696 891 1087 1281 1469 1659 1859
117 313 505 696 891 1087 1281 1469 1659 1859
117 313 505 696 891 1087 1281 1469 1659 1859
117 313 505 696 891 1087 1281 1469 1659 1859
117 313 505 696 891 1087 1281 1469 1659 1859
117 313 505 696 891 1087 1281 1469 1659 1859
117 313 505 696 891 1087 1281 1469 1659 1859
117 313 505 696 891 1087 1281 1469 1659 1859
117 313 505 696 891 1087 1281 1469 1659 1859
117 313 505 696 891 1087 1281 1469 1659 1859
117 313 505 696 891 1087 1281 1469 1659 1859
117 313 505 696 891 1087 1281 1470 1659 1859
117 313 505 696 891 1087 1281 1470 1659 1859
117 313 505 696 891 1087 1281 1470 1659 1859
117 313 505 696 891 1087 1281 1470 1659 1859
117 313 505 696 891 1087 1281 1470 1659 1859
117 313 505 696 891 1087 1281 1470 1659 1859
117 313 505 696 891 1087 1281 1470 1659 1859
117 313 505 696 891 1087 1281 1470 1659 1859
117 313 505 696 891 1087 1281 1470 1659 1859
117 313 505 696 891 1087 1281 1470 1659 1859
117 313 505 696 891 1087 1281 1470 1659 1859
117 313 505 696 891 1087 1281 1470 1659 1859
117 313 505 696 891 1087 1281 1470 1659 1859
117 313 505 696 891 1087 1281 1470 1659 1859
117 313 505 696 891 1087 1281 1470 1659 1859
117 313 505 696 891 1087 1281 1470 1659 1859
117 313 505 696 891 1087 1281 1470 1659 1859
117 313 505 696 891 1087 1281 1470 1659 1859
117 313 505 696 891 1087 1281 1470 1659 1859
117 313 505 696 891 1087 1281 1470 1659 1859
117 313 505 696 891 1087 1281 1470 1659 1859
117 313 505 696 891 1087 1281 1470 1659 1859
117 313 505 696 891 1086 1281 1470 1659 1859
117 313 505 696 891 1086 1281 1470 1659 1859
117 313 505 696 891 1086 1281 1470 1659 1859
117 313 505 696 891 1086 1281 1470 1659 1859
117 313 505 696 891 1086 1281 1470 1659 1859
117 313 505 696 891 1086 1281 1470 1659 1859
117 313 505 696 891 1086 1281 1470 1659 1859
117 313 505 696 891 1086 1281 1470 1659 1859
117 313 505 696 891 1086 1281 1470 1659 1859
117 313 505 696 891 1086 1281 1470 1659 1859
117 313 505 696 891 1086 1281 1470 1659 1859
117 313 505 696 891 1086 1281 1470 1659 1858
117 313 505 696 891 1086 1281 1470 1659 1858
117 313 505 696 891 1086 1281 1470 1659 1858
117 313 505 696 891 1086 1281 1470 1659 1858
117 313 505 696 891 1086 1281 1470 1659 1858
117 314 505 696 891 1086 1281 1470 1659 1858
117 314 505 696 891 1086 1281 1470 1659 1858
117 314 505 696 891 1086 1281 1470 1659 1858
117 314 505 696 891 1086 1281 1470 1659 1858
117 314 505 696 891 1086 1281 1470 1660 1858
117 314 505 696 891 1086 1281 1470 1660 1858
117 314 505 696 891 1086 1281 1470 1660 1858
117 314 505 696 891 1086 1281 1470 1660 1858
117 314 505 696 891 1086 1281 1470 1660 1858
117 314 505 696 891 1086 1281 1470 1660 1858
117 314 505 696 891 1086 1281 1470 1660 1858
117 314 505 696 891 1086 1281 1470 1660 1858
117 314 505 696 891 1086 1281 1470 1660 1858
117 314 505 696 891 1086 1281 1470 1660 1858
117 314 505 696 891 1086 1281 1470 1660 1858
117 314 505 697 891 1086 1281 1470 1660 1858
117 314 505 697 891 1086 1281 1470 1660 1858
117 314 505 697 891 1086 1281 1470 1660 1858
117 314 505 697 891 1086 1281 1470 1660 1858
117 314 505 697 891 1086 1281 1470 1660 1858
117 314 505 697 892 1086 1281 1470 1660 1858
117 314 505 697 892 1086 1281 1470 1660 1858
117 314 505 697 892 1086 1281 1470 1660 1858
117 314 505 697 892 1086 1281 1470 1660 1858
117 314 505 697 892 1086 1281 1470 1660 1858
117 314 505 697 892 1086 1281 1470 1660 1858
117 314 505 697 892 1086 1281 1470 1660 1858
117 314 505 697 892 1086 1281 1470 1660 1858
117 314 505 697 892 1086 1281 1470 1660 1858
117 314 505 697 892 1086 1281 1470 1660 1858
117 314 505 697 892 1086 1281 1470 1660 1858
117 314 505 697 892 1086 1281 1470 1660 1858
117 314 505 697 892 1086 1281 1470 1660 1858
118 314 505 697 892 1086 1281 1470 1660 1858
118 314 505 697 892 1086 1281 1470 1660 1858
118 314 505 697 892 1086 1281 1470 1660 1858
118 314 505 697 892 1086 1281 1470 1660 1858
118 314 505 697 892 1086 1281 1471 1660 1858
118 314 505 697 892 1086 1281 1471 1660 1858
118 314 505 697 892 1086 1281 1471 1660 1858
118 314 505 697 892 1086 1281 1471 1660 1858
118 314 505 697 892 1086 1281 1471 1660 1858
118 314 505 697 892 1086 1281 1471 1660 1858
118 314 505 697 892 1086 1281 1471 1660 1858
118 314 505 697 892 1086 1281 1471 1660 1858
118 314 505 697 892 1086 1281 1471 1660 1858
118 314 505 697 892 1086 1281 1471 1660 1858
118 314 506 697 892 1086 1281 1471 1660 1858
118 314 506 697 892 1086 1281 1471 1660 1858
118 314 506 697 892 1086 1281 1471 1660 1858
118 314 506 697 892 1086 1281 1471 1660 1858
118 314 506 697 892 1086 1281 1471 1660 1858
118 314 506 697 892 1086 1281 1471 1660 1858
118 314 506 697 892 1086 1281 1471 1660 1858
118 314 506 697 892 1086 1281 1471 1660 1858
118 314 506 697 892 1086 1281 1471 1660 1858
118 314 506 697 892 1086 1281 1471 1660 1858
118 314 506 697 892 1086 1281 1471 1660 1858
118 314 506 697 892 1086 1281 1471 1660 1858
118 314 506 697 892 1086 1281 1471 1660 1858
118 314 506 697 892 1086 1281 1471 1661 1858
118 314 506 697 892 1086 1281 1471 1661 1858
118 314 506 697 892 1086 1281 1471 1661 1858
118 314 506 697 892 1087 1281 1471 1661 1858
118 314 506 697 892 1087 1281 1471 1661 1858
118 314 506 697 892 1087 1281 1471 1661 1858
118 314 506 697 892 1087 1281 1471 1661 1858
118 314 506 697 892 1087 1281 1471 1661 1858
118 314 506 697 892 1087 1281 1471 1661 1858
118 314 506 697 892 1087 1281 1471 1661 1858
118 314 506 697 892 1087 1281 1471 1661 1858
118 314 506 697 892 1087 1281 1471 1661 1858
118 314 506 697 892 1087 1281 1471 1661 1858
118 314 506 697 892 1087 1281 1471 1661 1858
118 314 506 697 892 1087 1281 1471 1661 1858
118 314 506 697 892 1087 1281 1471 1661 1858
118 314 506 697 892 1087 1281 1471 1661 1858
118 314 506 697 892 1087 1281 1471 1661 1858
118 314 506 697 892 1087 1281 1471 1661 1858
118 314 506 697 892 1087 1281 1471 1661 1858
118 314 506 697 892 1087 1281 1471 1661 1858
118 314 506 697 892 1087 1281 1471 1661 1858
118 314 506 697 892 1087 1281 1471 1661 1858
118 314 506 697 892 1087 1281 1471 1661 1858
118 314 506 697 892 1087 1281 1471 1661 1858
118 314 506 697 892 1087 1281 1471 1661 1858
118 314 506 697 892 1087 1281 1471 1661 1858
118 314 506 697 892 1087 1281 1471 1661 1858
118 314 506 697 892 1087 1281 1471 1661 1858
118 314 506 697 892 1087 1281 1471 1661 1858
118 314 506 697 892 1087 1281 1471 1661 1858
118 314 506 697 892 1087 1281 1471 1661 1858
118 314 506 697 892 1087 1281 1471 1661 1858
118 314 506 697 892 1087 1281 1471 1661 1858
118 314 506 697 892 1087 1281 1471 1661 1858
118 314 506 697 892 1087 1281 1471 1661 1858
118 315 506 697 892 1087 1281 1471 1661 1858
118 315 506 697 892 1087 1281 1472 1661 1858
118 315 506 697 892 1087 1281 1472 1661 1858
118 315 506 697 892 1087 1281 1472 1661 1858
118 315 506 697 892 1087 1281 1472 1661 1858
118 315 506 697 892 1087 1281 1472 1661 1858
118 315 506 697 892 1087 1281 1472 1661 1858
118 315 506 697 892 1087 1281 1472 1661 1858
118 315 506 697 892 1087 1281 1472 1661 1858
118 315 506 697 892 1087 1281 1472 1661 1858
118 315 506 697 892 1087 1282 1472 1661 1858
118 315 506 697 892 1087 1282 1472 1661 1858
118 315 506 697 892 1087 1282 1472 1661 1858
119 315 506 697 892 1087 1282 1472 1661 1858
119 315 506 697 892 1087 1282 1472 1661 1858
119 315 506 697 892 1087 1282 1472 1662 1858
119 315 506 697 892 1087 1282 1472 1662 1858
119 315 506 697 892 1087 1282 1472 1662 1858
119 315 506 697 892 1087 1282 1472 1662 1858
119 315 506 697 892 1087 1282 1472 1662 1858
119 315 506 697 892 1087 1282 1472 1662 1858
119 315 507 697 892 1087 1282 1472 1662 1858
119 315 507 697 892 1087 1282 1472 1662 1858
119 315 507 697 892 1087 1282 1472 1662 1858
119 315 507 697 892 1087 1282 1472 1662 1858
119 315 507 697 893 1087 1282 1472 1662 1858
119 315 507 697 893 1087 1282 1472 1662 1858
119 315 507 697 893 1087 1282 1472 1662 1858
119 315 507 697 893 1087 1282 1472 1662 1858
119 315 507 697 893 1087 1282 1472 1662 1858
119 315 507 697 893 1087 1282 1472 1662 1858
119 315 507 697 893 1087 1282 1472 1662 1858
119 315 507 697 893 1087 1282 1472 1662 1858
119 315 507 698 893 1087 1282 1472 1662 1858
119 315 507 698 893 1087 1282 1472 1662 1858
119 315 507 698 893 1087 1282 1472 1662 1858
119 315 507 698 893 1087 1282 1472 1662 1858
119 315 507 698 893 1087 1282 1472 1662 1858
119 315 507 698 893 1087 1282 1472 1662 1858
119 315 507 698 893 1087 1282 1472 1662 1858
119 315 507 698 893 1087 1282 1472 1662 1858
119 315 507 698 893 1087 1282 1472 1662 1858
119 315 507 698 893 1087 1282 1472 1662 1858
119 315 507 698 893 1087 1282 1472 1662 1858
119 315 507 698 893 1087 1282 1472 1662 1858
119 315 507 698 893 1087 1282 1472 1662 1858
119 315 507 698 893 1087 1282 1472 1662 1858
119 315 507 698 893 1087 1282 1472 1662 1858
119 315 507 698 893 1087 1282 1472 1662 1858
119 315 507 698 893 1087 1282 1472 1662 1858
119 315 507 698 893 1087 1282 1472 1662 1858
119 315 507 698 893 1087 1282 1472 1662 1858
119 315 507 698 893 1087 1282 1473 1662 1858
119 315 507 698 893 1087 1282 1473 1662 1858
119 315 507 698 893 1087 1282 1473 1662 1858
119 315 507 698 893 1087 1282 1473 1662 1858
119 315 507 698 893 1087 1282 1473 1662 1858
119 315 507 698 893 1087 1282 1473 1662 1858
119 315 507 698 893 1087 1282 1473 1662 1858
119 315 507 698 893 1087 1282 1473 1662 1858
119 315 507 698 893 1087 1282 1473 1662 1858
119 315 507 698 893 1087 1282 1473 1663 1858
119 315 507 698 893 1087 1282 1473 1663 1858
119 315 507 698 893 1087 1282 1473 1663 1858
119 315 507 698 893 1087 1282 1473 1663 1858
119 315 507 698 893 1087 1282 1473 1663 1858
119 315 507 698 893 1087 1282 1473 1663 1858
119 316 507 698 893 1087 1282 1473 1663 1858
119 316 507 698 893 1087 1282 1473 1663 1858
119 316 507 698 893 1087 1282 1473 1663 1858
119 316 507 698 893 1087 1282 1473 1663 1858
119 316 507 698 893 1087 1282 1473 1663 1858
120 316 507 698 893 1087 1282 1473 1663 1858
120 316 507 698 893 1087 1282 1473 1663 1858
120 316 507 698 893 1087 1282 1473 1663 1858
120 316 507 698 893 1087 1282 1473 1663 1858
120 316 508 698 893 1087 1282 1473 1663 1858
120 316 508 698 893 1087 1282 1473 1663 1858
120 316 508 698 893 1087 1282 1473 1663 1858
120 316 508 698 893 1087 1282 1473 1663 1858
120 316 508 698 893 1087 1282 1473 1663 1858
120 316 508 698 893 1087 1282 1473 1663 1858
120 316 508 698 893 1087 1282 1473 1663 1858
120 316 508 698 893 1087 1282 1473 1663 1858
120 316 508 698 893 1087 1282 1473 1663 1858
120 316 508 698 893 1087 1282 1473 1663 1858
120 316 508 698 893 1087 1282 1473 1663 1858
120 316 508 698 893 1087 1282 1473 1663 1858
120 316 508 698 893 1087 1282 1473 1663 1858
120 316 508 698 893 1087 1282 1473 1663 1858
120 316 508 698 893 1087 1282 1473 1663 1858
120 316 508 698 894 1087 1282 1473 1663 1858
120 316 508 698 894 1087 1282 1473 1663 1858
120 316 508 698 894 1087 1282 1473 1663 1858
120 316 508 698 894 1087 1282 1473 1663 1858
120 316 508 698 894 1087 1283 1473 1663 1858
120 316 508 698 894 1087 1283 1473 1663 1858
120 316 508 698 894 1088 1283 1473 1663 1858
120 316 508 698 894 1088 1283 1474 1663 1858
120 316 508 698 894 1088 1283 1474 1663 1858
120 316 508 699 894 1088 1283 1474 1663 1858
120 316 508 699 894 1088 1283 1474 1663 1858
120 316 508 699 894 1088 1283 1474 1663 1858
120 316 508 699 894 1088 1283 1474 1663 1858
120 316 508 699 894 1088 1283 1474 1664 1858
120 316 508 699 894 1088 1283 1474 1664 1858
120 316 508 699 894 1088 1283 1474 1664 1858
120 316 508 699 894 1088 1283 1474 1664 1858
120 316 508 699 894 1088 1283 1474 1664 1858
120 316 508 699 894 1088 1283 1474 1664 1858
120 316 508 699 894 1088 1283 1474 1664 1858
120 316 508 699 894 1088 1283 1474 1664 1858
120 316 508 699 894 1088 1283 1474 1664 1858
120 316 508 699 894 1088 1283 1474 1664 1858
120 316 508 699 894 1088 1283 1474 1664 1858
120 316 508 699 894 1088 1283 1474 1664 1858
120 316 508 699 894 1088 1283 1474 1664 1858
120 316 508 699 894 1088 1283 1474 1664 1858
120 316 508 699 894 1088 1283 1474 1664 1858
120 316 508 699 894 1088 1283 1474 1664 1858
120 316 508 699 894 1088 1283 1474 1664 1858
121 316 508 699 894 1088 1283 1474 1664 1858
121 317 508 699 894 1088 1283 1474 1664 1858
121 317 508 699 894 1088 1283 1474 1664 1858
121 317 509 699 894 1088 1283 1474 1664 1858
121 317 509 699 894 1088 1283 1474 1664 1858
121 317 509 699 894 1088 1283 1474 1664 1858
121 317 509 699 894 1088 1283 1474 1664 1858
121 317 509 699 894 1088 1283 1474 1664 1858
121 317 509 699 894 1088 1283 1474 1664 1858
121 317 509 699 894 1088 1283 1474 1664 1858
121 317 509 699 894 1088 1283 1474 1664 1858
121 317 509 699 894 1088 1283 1474 1664 1858
121 317 509 699 894 1088 1283 1474 1664 1858
121 317 509 699 894 1088 1283 1474 1664 1858
121 317 509 699 894 1088 1283 1474 1664 1858
121 317 509 699 894 1088 1283 1474 1664 1858
121 317 509 699 894 1088 1283 1474 1664 1858
121 317 509 699 894 1088 1283 1474 1664 1858
121 317 509 699 894 1088 1283 1475 1664 1858
121 317 509 699 894 1088 1283 1475 1664 1858
121 317 509 699 894 1088 1283 1475 1664 1858
121 317 509 699 894 1088 1283 1475 1664 1858
121 317 509 699 894 1088 1283 1475 1664 1858
121 317 509 699 895 1088 1283 1475 1665 1858
121 317 509 699 895 1088 1283 1475 1665 1858
121 317 509 699 895 1088 1283 1475 1665 1858
121 317 509 699 895 1088 1283 1475 1665 1858
121 317 509 699 895 1088 1283 1475 1665 1858
121 317 509 699 895 1088 1283 1475 1665 1858
121 317 509 699 895 1088 1283 1475 1665 1858
121 317 509 699 895 1088 1283 1475 1665 1858
121 317 509 699 895 1088 1283 1475 1665 1858
121 317 509 700 895 1088 1283 1475 1665 1858
121 317 509 700 895 1088 1283 1475 1665 1858
121 317 509 700 895 1088 1284 1475 1665 1858
121 317 509 700 895 1088 1284 1475 1665 1858
121 317 509 700 895 1088 1284 1475 1665 1858
121 317 509 700 895 1088 1284 1475 1665 1858
121 317 509 700 895 1088 1284 1475 1665 1858
121 317 509 700 895 1088 1284 1475 1665 1858
121 317 509 700 895 1088 1284 1475 1665 1858
121 317 509 700 895 1088 1284 1475 1665 1858
121 317 509 700 895 1088 1284 1475 1665 1858
122 317 509 700 895 1089 1284 1475 1665 1858
122 317 509 700 895 1089 1284 1475 1665 1858
122 317 509 700 895 1089 1284 1475 1665 1858
122 317 510 700 895 1089 1284 1475 1665 1858
122 317 510 700 895 1089 1284 1475 1665 1858
122 318 510 700 895 1089 1284 1475 1665 1858
122 318 510 700 895 1089 1284 1475 1665 1858
122 318 510 700 895 1089 1284 1475 1665 1858
122 318 510 700 895 1089 1284 1475 1665 1858
122 318 510 700 895 1089 1284 1475 1665 1858
122 318 510 700 895 1089 1284 1475 1665 1858
122 318 510 700 895 1089 1284 1475 1665 1858
122 318 510 700 895 1089 1284 1475 1665 1858
122 318 510 700 895 1089 1284 1475 1665 1858
122 318 510 700 895 1089 1284 1476 1665 1858
122 318 510 700 895 1089 1284 1476 1665 1858
122 318 510 700 895 1089 1284 1476 1665 1858
122 318 510 700 895 1089 1284 1476 1665 1858
122 318 510 700 895 1089 1284 1476 1665 1858
122 318 510 700 895 1089 1284 1476 1666 1858
122 318 510 700 895 1089 1284 1476 1666 1858
122 318 510 700 895 1089 1284 1476 1666 1858
122 318 510 700 895 1089 1284 1476 1666 1858
122 318 510 700 895 1089 1284 1476 1666 1858
122 318 510 700 895 1089 1284 1476 1666 1858
122 318 510 700 896 1089 1284 1476 1666 1858
122 318 510 700 896 1089 1284 1476 1666 1858
122 318 510 700 896 1089 1284 1476 1666 1858
122 318 510 700 896 1089 1284 1476 1666 1858
122 318 510 700 896 1089 1284 1476 1666 1858
122 318 510 700 896 1089 1284 1476 1666 1858
122 318 510 700 896 1089 1284 1476 1666 1858
122 318 510 700 896 1089 1284 1476 1666 1858
122 318 510 700 896 1089 1284 1476 1666 1858
122 318 510 701 896 1089 1284 1476 1666 1858
122 318 510 701 896 1089 1284 1476 1666 1858
122 318 510 701 896 1089 1284 1476 1666 1858
122 318 510 701 896 1089 1284 1476 1666 1858
122 318 510 701 896 1089 1284 1476 1666 1858
122 318 510 701 896 1089 1284 1476 1666 1858
123 318 510 701 896 1089 1284 1476 1666 1858
123 318 511 701 896 1089 1285 1476 1666 1858
123 318 511 701 896 1089 1285 1476 1666 1858
123 318 511 701 896 1089 1285 1476 1666 1858
123 318 511 701 896 1089 1285 1476 1666 1858
123 318 511 701 896 1089 1285 1476 1666 1858
123 318 511 701 896 1089 1285 1476 1666 1858
123 318 511 701 896 1089 1285 1476 1666 1858
123 319 511 701 896 1089 1285 1476 1666 1858
123 319 511 701 896 1089 1285 1476 1666 1858
123 319 511 701 896 1089 1285 1477 1666 1858
123 319 511 701 896 1089 1285 1477 1666 1858
123 319 511 701 896 1090 1285 1477 1666 1858
123 319 511 701 896 1090 1285 1477 1666 1858
123 319 511 701 896 1090 1285 1477 1666 1858
123 319 511 701 896 1090 1285 1477 1667 1858
123 319 511 701 896 1090 1285 1477 1667 1858
123 319 511 701 896 1090 1285 1477 1667 1858
123 319 511 701 896 1090 1285 1477 1667 1858
123 319 511 701 896 1090 1285 1477 1667 1858
123 319 511 701 896 1090 1285 1477 1667 1858
123 319 511 701 896 1090 1285 1477 1667 1858
123 319 511 701 896 1090 1285 1477 1667 1858
123 319 511 701 896 1090 1285 1477 1667 1858
123 319 511 701 896 1090 1285 1477 1667 1858
123 319 511 701 897 1090 1285 1477 1667 1858
123 319 511 701 897 1090 1285 1477 1667 1858
123 319 511 701 897 1090 1285 1477 1667 1858
123 319 511 701 897 1090 1285 1477 1667 1858
123 319 511 701 897 1090 1285 1477 1667 1858
123 319 511 701 897 1090 1285 1477 1667 1858
123 319 511 701 897 1090 1285 1477 1667 1858
123 319 511 701 897 1090 1285 1477 1667 1858
123 319 511 702 897 1090 1285 1477 1667 1858
123 319 511 702 897 1090 1285 1477 1667 1858
123 319 511 702 897 1090 1285 1477 1667 1858
124 319 511 702 897 1090 1285 1477 1667 1858
124 319 512 702 897 1090 1285 1477 1667 1858
124 319 512 702 897 1090 1285 1477 1667 1858
124 319 512 702 897 1090 1285 1477 1667 1858
124 319 512 702 897 1090 1285 1477 1667 1858
124 319 512 702 897 1090 1285 1477 1667 1859
124 319 512 702 897 1090 1285 1477 1667 1859
124 319 512 702 897 1090 1285 1478 1667 1859
124 319 512 702 897 1090 1286 1478 1667 1859
124 319 512 702 897 1090 1286 1478 1667 1859
124 319 512 702 897 1090 1286 1478 1667 1859
124 320 512 702 897 1090 1286 1478 1667 1859
124 320 512 702 897 1090 1286 1478 1667 1859
124 320 512 702 897 1090 1286 1478 1667 1859
124 320 512 702 897 1090 1286 1478 1668 1859
124 320 512 702 897 1090 1286 1478 1668 1859
124 320 512 702 897 1090 1286 1478 1668 1859
124 320 512 702 897 1090 1286 1478 1668 1859
124 320 512 702 897 1090 1286 1478 1668 1859
124 320 512 702 897 1090 1286 1478 1668 1859
124 320 512 702 897 1091 1286 1478 1668 1859
124 320 512 702 897 1091 1286 1478 1668 1859
124 320 512 702 897 1091 1286 1478 1668 1859
124 320 512 702 897 1091 1286 1478 1668 1859
124 320 512 702 897 1091 1286 1478 1668 1859
124 320 512 702 897 1091 1286 1478 1668 1859
124 320 512 702 898 1091 1286 1478 1668 1859
124 320 512 702 898 1091 1286 1478 1668 1859
124 320 512 702 898 1091 1286 1478 1668 1859
124 320 512 702 898 1091 1286 1478 1668 1859
124 320 512 702 898 1091 1286 1478 1668 1859
124 320 512 702 898 1091 1286 1478 1668 1859
124 320 512 702 898 1091 1286 1478 1668 1859
125 320 512 703 898 1091 1286 1478 1668 1859
125 320 512 703 898 1091 1286 1478 1668 1859
125 320 513 703 898 1091 1286 1478 1668 1859
125 320 513 703 898 1091 1286 1478 1668 1859
125 320 513 703 898 1091 1286 1478 1668 1859
125 320 513 703 898 1091 1286 1478 1668 1859
125 320 513 703 898 1091 1286 1479 1668 1859
125 320 513 703 898 1091 1286 1479 1668 1859
125 320 513 703 898 1091 1286 1479 1668 1859
125 320 513 703 898 1091 1286 1479 1668 1859
125 320 513 703 898 1091 1286 1479 1668 1859
125 320 513 703 898 1091 1286 1479 1668 1859
125 320 513 703 898 1091 1286 1479 1668 1859
125 320 513 703 898 1091 1287 1479 1668 1859
125 321 513 703 898 1091 1287 1479 1669 1859
125 321 513 703 898 1091 1287 1479 1669 1859
125 321 513 703 898 1091 1287 1479 1669 1859
125 321 513 703 898 1091 1287 1479 1669 1859
125 321 513 703 898 1091 1287 1479 1669 1859
125 321 513 703 898 1091 1287 1479 1669 1859
125 321 513 703 898 1091 1287 1479 1669 1859
125 321 513 703 898 1091 1287 1479 1669 1859
125 321 513 703 898 1091 1287 1479 1669 1859
125 321 513 703 898 1091 1287 1479 1669 1859
125 321 513 703 898 1091 1287 1479 1669 1859
125 321 513 703 898 1091 1287 1479 1669 1859
125 321 513 703 898 1092 1287 1479 1669 1859
125 321 513 703 899 1092 1287 1479 1669 1859
125 321 513 703 899 1092 1287 1479 1669 1859
125 321 513 703 899 1092 1287 1479 1669 1859
125 321 513 703 899 1092 1287 1479 1669 1859
125 321 513 703 899 1092 1287 1479 1669 1859
126 321 513 703 899 1092 1287 1479 1669 1859
126 321 514 703 899 1092 1287 1479 1669 1859
126 321 514 704 899 1092 1287 1479 1669 1859
126 321 514 704 899 1092 1287 1479 1669 1859
126 321 514 704 899 1092 1287 1479 1669 1859
126 321 514 704 899 1092 1287 1480 1669 1859
126 321 514 704 899 1092 1287 1480 1669 1859
126 321 514 704 899 1092 1287 1480 1669 1859
126 321 514 704 899 1092 1287 1480 1669 1859
126 321 514 704 899 1092 1287 1480 1669 1859
126 321 514 704 899 1092 1287 1480 1669 1859
126 321 514 704 899 1092 1287 1480 1669 1859
126 321 514 704 899 1092 1287 1480 1669 1860
126 321 514 704 899 1092 1287 1480 1669 1860
126 321 514 704 899 1092 1287 1480 1670 1860
126 322 514 704 899 1092 1287 1480 1670 1860
126 322 514 704 899 1092 1288 1480 1670 1860
126 322 514 704 899 1092 1288 1480 1670 1860
126 322 514 704 899 1092 1288 1480 1670 1860
126 322 514 704 899 1092 1288 1480 1670 1860
126 322 514 704 899 1092 1288 1480 1670 1860
126 322 514 704 899 1092 1288 1480 1670 1860
126 322 514 704 899 1092 1288 1480 1670 1860
126 322 514 704 899 1092 1288 1480 1670 1860
126 322 514 704 899 1092 1288 1480 1670 1860
126 322 514 704 899 1092 1288 1480 1670 1860
126 322 514 704 899 1092 1288 1480 1670 1860
126 322 514 704 900 1092 1288 1480 1670 1860
126 322 514 704 900 1092 1288 1480 1670 1860
126 322 514 704 900 1093 1288 1480 1670 1860
127 322 514 704 900 1093 1288 1480 1670 1860
127 322 515 704 900 1093 1288 1480 1670 1860
127 322 515 704 900 1093 1288 1480 1670 1860
127 322 515 705 900 1093 1288 1480 1670 1860
127 322 515 705 900 1093 1288 1481 1670 1860
127 322 515 705 900 1093 1288 1481 1670 1860
127 322 515 705 900 1093 1288 1481 1670 1860
127 322 515 705 900 1093 1288 1481 1670 1860
127 322 515 705 900 1093 1288 1481 1670 1860
127 322 515 705 900 1093 1288 1481 1670 1860
127 322 515 705 900 1093 1288 1481 1670 1860
127 322 515 705 900 1093 1288 1481 1670 1860
127 322 515 705 900 1093 1288 1481 1670 1860
127 322 515 705 900 1093 1288 1481 1670 1860
127 322 515 705 900 1093 1288 1481 1670 1860
127 322 515 705 900 1093 1288 1481 1671 1860
127 322 515 705 900 1093 1288 1481 1671 1860
127 323 515 705 900 1093 1288 1481 1671 1860
127 323 515 705 900 1093 1288 1481 1671 1860
127 323 515 705 900 1093 1289 1481 1671 1860
127 323 515 705 900 1093 1289 1481 1671 1860
127 323 515 705 900 1093 1289 1481 1671 1860
127 323 515 705 900 1093 1289 1481 1671 1860
127 323 515 705 900 1093 1289 1481 1671 1860
127 323 515 705 900 1093 1289 1481 1671 1860
127 323 515 705 900 1093 1289 1481 1671 1860
127 323 515 705 901 1093 1289 1481 1671 1860
127 323 515 705 901 1093 1289 1481 1671 1860
128 323 515 705 901 1093 1289 1481 1671 1860
128 323 516 705 901 1093 1289 1481 1671 1860
128 323 516 705 901 1093 1289 1481 1671 1860
128 323 516 705 901 1094 1289 1481 1671 1860
128 323 516 706 901 1094 1289 1482 1671 1860
128 323 516 706 901 1094 1289 1482 1671 1860
128 323 516 706 901 1094 1289 1482 1671 1860
128 323 516 706 901 1094 1289 1482 1671 1860
128 323 516 706 901 1094 1289 1482 1671 1860
128 323 516 706 901 1094 1289 1482 1671 1861
128 323 516 706 901 1094 1289 1482 1671 1861
128 323 516 706 901 1094 1289 1482 1671 1861
128 323 516 706 901 1094 1289 1482 1671 1861
128 323 516 706 901 1094 1289 1482 1671 1861
128 323 516 706 901 1094 1289 1482 1671 1861
128 323 516 706 901 1094 1289 1482 1671 1861
128 323 516 706 901 1094 1289 1482 1672 1861
128 323 516 706 901 1094 1289 1482 1672 1861
128 323 516 706 901 1094 1289 1482 1672 1861
128 324 516 706 901 1094 1289 1482 1672 1861
128 324 516 706 901 1094 1289 1482 1672 1861
128 324 516 706 901 1094 1289 1482 1672 1861
128 324 516 706 901 1094 1290 1482 1672 1861
128 324 516 706 901 1094 1290 1482 1672 1861
128 324 516 706 901 1094 1290 1482 1672 1861
128 324 516 706 901 1094 1290 1482 1672 1861
128 324 516 706 901 1094 1290 1482 1672 1861
128 324 516 706 902 1094 1290 1482 1672 1861
129 324 517 706 902 1094 1290 1482 1672 1861
129 324 517 706 902 1094 1290 1482 1672 1861
129 324 517 706 902 1094 1290 1482 1672 1861
129 324 517 707 902 1094 1290 1483 1672 1861
129 324 517 707 902 1094 1290 1483 1672 1861
129 324 517 707 902 1095 1290 1483 1672 1861
129 324 517 707 902 1095 1290 1483 1672 1861
129 324 517 707 902 1095 1290 1483 1672 1861
129 324 517 707 902 1095 1290 1483 1672 1861
129 324 517 707 902 1095 1290 1483 1672 1861
129 324 517 707 902 1095 1290 1483 1672 1861
129 324 517 707 902 1095 1290 1483 1672 1861
129 324 517 707 902 1095 1290 1483 1672 1861
129 324 517 707 902 1095 1290 1483 1672 1861
129 324 517 707 902 1095 1290 1483 1672 1861
129 324 517 707 902 1095 1290 1483 1672 1861
129 324 517 707 902 1095 1290 1483 1672 1861
129 324 517 707 902 1095 1290 1483 1673 1861
129 324 517 707 902 1095 1290 1483 1673 1861
129 324 517 707 902 1095 1290 1483 1673 1861
129 325 517 707 902 1095 1290 1483 1673 1861
129 325 517 707 902 1095 1290 1483 1673 1861
129 325 517 707 902 1095 1291 1483 1673 1861
129 325 517 707 902 1095 1291 1483 1673 1861
129 325 517 707 902 1095 1291 1483 1673 1861
129 325 517 707 902 1095 1291 1483 1673 1861
130 325 518 707 903 1095 1291 1483 1673 1861
130 325 518 707 903 1095 1291 1483 1673 1862
130 325 518 707 903 1095 1291 1483 1673 1862
130 325 518 707 903 1095 1291 1484 1673 1862
130 325 518 708 903 1095 1291 1484 1673 1862
130 325 518 708 903 1095 1291 1484 1673 1862
130 325 518 708 903 1095 1291 1484 1673 1862
130 325 518 708 903 1096 1291 1484 1673 1862
130 325 518 708 903 1096 1291 1484 1673 1862
130 325 518 708 903 1096 1291 1484 1673 1862
130 325 518 708 903 1096 1291 1484 1673 1862
130 325 518 708 903 1096 1291 1484 1673 1862
130 325 518 708 903 1096 1291 1484 1673 1862
130 325 518 708 903 1096 1291 1484 1673 1862
130 325 518 708 903 1096 1291 1484 1673 1862
130 325 518 708 903 1096 1291 1484 1673 1862
130 325 518 708 903 1096 1291 1484 1673 1862
130 325 518 708 903 1096 1291 1484 1673 1862
130 325 518 708 903 1096 1291 1484 1673 1862
130 325 518 708 903 1096 1291 1484 1674 1862
130 325 518 708 903 1096 1291 1484 1674 1862
130 326 518 708 903 1096 1291 1484 1674 1862
130 326 518 708 903 1096 1291 1484 1674 1862
130 326 518 708 903 1096 1291 1484 1674 1862
130 326 518 708 903 1096 1292 1484 1674 1862
131 326 519 708 904 1096 1292 1484 1674 1862
131 326 519 708 904 1096 1292 1484 1674 1862
131 326 519 708 904 1096 1292 1484 1674 1862
131 326 519 708 904 1096 1292 1485 1674 1862
131 326 519 709 904 1096 1292 1485 1674 1862
131 326 519 709 904 1096 1292 1485 1674 1862
131 326 519 709 904 1096 1292 1485 1674 1862
131 326 519 709 904 1096 1292 1485 1674 1862
131 326 519 709 904 1096 1292 1485 1674 1862
131 326 519 709 904 1097 1292 1485 1674 1862
131 326 519 709 904 1097 1292 1485 1674 1862
131 326 519 709 904 1097 1292 1485 1674 1862
131 326 519 709 904 1097 1292 1485 1674 1862
131 326 519 709 904 1097 1292 1485 1674 1862
131 326 519 709 904 1097 1292 1485 1674 1862
131 326 519 709 904 1097 1292 1485 1674 1862
131 326 519 709 904 1097 1292 1485 1674 1862
131 326 519 709 904 1097 1292 1485 1674 1863
131 326 519 709 904 1097 1292 1485 1674 1863
131 326 519 709 904 1097 1292 1485 1674 1863
131 326 519 709 904 1097 1292 1485 1674 1863
131 326 519 709 904 1097 1292 1485 1674 1863
131 326 519 709 904 1097 1292 1485 1675 1863
131 327 519 709 904 1097 1292 1485 1675 1863
132 327 519 709 904 1097 1292 1485 1675 1863
132 327 520 709 905 1097 1293 1485 1675 1863
132 327 520 709 905 1097 1293 1485 1675 1863
132 327 520 709 905 1097 1293 1486 1675 1863
132 327 520 710 905 1097 1293 1486 1675 1863
132 327 520 710 905 1097 1293 1486 1675 1863
132 327 520 710 905 1097 1293 1486 1675 1863
132 327 520 710 905 1097 1293 1486 1675 1863
132 327 520 710 905 1097 1293 1486 1675 1863
132 327 520 710 905 1097 1293 1486 1675 1863
132 327 520 710 905 1098 1293 1486 1675 1863
132 327 520 710 905 1098 1293 1486 1675 1863
132 327 520 710 905 1098 1293 1486 1675 1863
132 327 520 710 905 1098 1293 1486 1675 1863
132 327 520 710 905 1098 1293 1486 1675 1863
132 327 520 710 905 1098 1293 1486 1675 1863
132 327 520 710 905 1098 1293 1486 1675 1863
132 327 520 710 905 1098 1293 1486 1675 1863
132 327 520 710 905 1098 1293 1486 1675 1863
132 327 520 710 905 1098 1293 1486 1675 1863
132 327 520 710 905 1098 1293 1486 1675 1863
132 327 520 710 905 1098 1293 1486 1675 1863
132 327 520 710 905 1098 1293 1486 1675 1863
133 327 520 710 905 1098 1293 1486 1675 1863
133 328 521 710 905 1098 1293 1486 1676 1863
133 328 521 710 906 1098 1293 1486 1676 1863
133 328 521 710 906 1098 1294 1486 1676 1863
133 328 521 711 906 1098 1294 1487 1676 1863
133 328 521 711 906 1098 1294 1487 1676 1863
133 328 521 711 906 1098 1294 1487 1676 1863
133 328 521 711 906 1098 1294 1487 1676 1863
133 328 521 711 906 1098 1294 1487 1676 1864
133 328 521 711 906 1098 1294 1487 1676 1864
133 328 521 711 906 1098 1294 1487 1676 1864
133 328 521 711 906 1099 1294 1487 1676 1864
133 328 521 711 906 1099 1294 1487 1676 1864
133 328 521 711 906 1099 1294 1487 1676 1864
133 328 521 711 906 1099 1294 1487 1676 1864
133 328 521 711 906 1099 1294 1487 1676 1864
133 328 521 711 906 1099 1294 1487 1676 1864
133 328 521 711 906 1099 1294 1487 1676 1864
133 328 521 711 906 1099 1294 1487 1676 1864
133 328 521 711 906 1099 1294 1487 1676 1864
133 328 521 711 906 1099 1294 1487 1676 1864
133 328 521 711 906 1099 1294 1487 1676 1864
133 328 521 711 906 1099 1294 1487 1676 1864
134 328 521 711 906 1099 1294 1487 1676 1864
134 328 522 711 906 1099 1294 1487 1676 1864
134 328 522 711 907 1099 1294 1487 1676 1864
134 329 522 712 907 1099 1294 1487 1676 1864
134 329 522 712 907 1099 1295 1488 1677 1864
134 329 522 712 907 1099 1295 1488 1677 1864
134 329 522 712 907 1099 1295 1488 1677 1864
134 329 522 712 907 1099 1295 1488 1677 1864
134 329 522 712 907 1099 1295 1488 1677 1864
134 329 522 712 907 1099 1295 1488 1677 1864
134 329 522 712 907 1099 1295 1488 1677 1864
134 329 522 712 907 1099 1295 1488 1677 1864
134 329 522 712 907 1100 1295 1488 1677 1864
134 329 522 712 907 1100 1295 1488 1677 1864
134 329 522 712 907 1100 1295 1488 1677 1864
134 329 522 712 907 1100 1295 1488 1677 1864
134 329 522 712 907 1100 1295 1488 1677 1864
134 329 522 712 907 1100 1295 1488 1677 1864
134 329 522 712 907 1100 1295 1488 1677 1864
134 329 522 712 907 1100 1295 1488 1677 1865
134 329 522 712 907 1100 1295 1488 1677 1865
134 329 522 712 907 1100 1295 1488 1677 1865
135 329 522 712 907 1100 1295 1488 1677 1865
135 329 523 712 907 1100 1295 1488 1677 1865
135 329 523 712 908 1100 1295 1488 1677 1865
135 329 523 713 908 1100 1295 1488 1677 1865
135 329 523 713 908 1100 1295 1488 1677 1865
135 330 523 713 908 1100 1296 1489 1677 1865
135 330 523 713 908 1100 1296 1489 1677 1865
135 330 523 713 908 1100 1296 1489 1678 1865
135 330 523 713 908 1100 1296 1489 1678 1865
135 330 523 713 908 1100 1296 1489 1678 1865
135 330 523 713 908 1100 1296 1489 1678 1865
135 330 523 713 908 1100 1296 1489 1678 1865
135 330 523 713 908 1101 1296 1489 1678 1865
135 330 523 713 908 1101 1296 1489 1678 1865
135 330 523 713 908 1101 1296 1489 1678 1865
135 330 523 713 908 1101 1296 1489 1678 1865
135 330 523 713 908 1101 1296 1489 1678 1865
135 330 523 713 908 1101 1296 1489 1678 1865
135 330 523 713 908 1101 1296 1489 1678 1865
135 330 523 713 908 1101 1296 1489 1678 1865
135 330 523 713 908 1101 1296 1489 1678 1865
135 330 523 713 908 1101 1296 1489 1678 1865
136 330 524 713 908 1101 1296 1489 1678 1865
136 330 524 713 908 1101 1296 1489 1678 1865
136 330 524 714 909 1101 1296 1489 1678 1865
136 330 524 714 909 1101 1296 1489 1678 1865
136 330 524 714 909 1101 1296 1489 1678 1865
136 330 524 714 909 1101 1297 1490 1678 1865
136 331 524 714 909 1101 1297 1490 1678 1866
136 331 524 714 909 1101 1297 1490 1678 1866
136 331 524 714 909 1101 1297 1490 1678 1866
136 331 524 714 909 1101 1297 1490 1678 1866
136 331 524 714 909 1101 1297 1490 1679 1866
136 331 524 714 909 1101 1297 1490 1679 1866
136 331 524 714 909 1102 1297 1490 1679 1866
136 331 524 714 909 1102 1297 1490 1679 1866
136 331 524 714 909 1102 1297 1490 1679 1866
136 331 524 714 909 1102 1297 1490 1679 1866
136 331 524 714 909 1102 1297 1490 1679 1866
136 331 524 714 909 1102 1297 1490 1679 1866
136 331 524 714 909 1102 1297 1490 1679 1866
136 331 524 714 909 1102 1297 1490 1679 1866
137 331 524 714 909 1102 1297 1490 1679 1866
137 331 525 714 909 1102 1297 1490 1679 1866
137 331 525 715 909 1102 1297 1490 1679 1866
137 331 525 715 910 1102 1297 1490 1679 1866
137 331 525 715 910 1102 1297 1490 1679 1866
137 331 525 715 910 1102 1297 1490 1679 1866
137 331 525 715 910 1102 1297 1491 1679 1866
137 331 525 715 910 1102 1298 1491 1679 1866
137 332 525 715 910 1102 1298 1491 1679 1866
137 332 525 715 910 1102 1298 1491 1679 1866
137 332 525 715 910 1102 1298 1491 1679 1866
137 332 525 715 910 1102 1298 1491 1679 1866
137 332 525 715 910 1103 1298 1491 1679 1866
137 332 525 715 910 1103 1298 1491 1679 1866
137 332 525 715 910 1103 1298 1491 1680 1866
137 332 525 715 910 1103 1298 1491 1680 1866
137 332 525 715 910 1103 1298 1491 1680 1867
137 332 525 715 910 1103 1298 1491 1680 1867
137 332 525 715 910 1103 1298 1491 1680 1867
137 332 525 715 910 1103 1298 1491 1680 1867
137 332 525 715 910 1103 1298 1491 1680 1867
138 332 525 715 910 1103 1298 1491 1680 1867
138 332 526 716 910 1103 1298 1491 1680 1867
138 332 526 716 911 1103 1298 1491 1680 1867
138 332 526 716 911 1103 1298 1491 1680 1867
138 332 526 716 911 1103 1298 1491 1680 1867
138 332 526 716 911 1103 1298 1491 1680 1867
138 332 526 716 911 1103 1298 1492 1680 1867
138 332 526 716 911 1103 1299 1492 1680 1867
138 332 526 716 911 1103 1299 1492 1680 1867
138 333 526 716 911 1103 1299 1492 1680 1867
138 333 526 716 911 1103 1299 1492 1680 1867
138 333 526 716 911 1103 1299 1492 1680 1867
138 333 526 716 911 1104 1299 1492 1680 1867
138 333 526 716 911 1104 1299 1492 1680 1867
138 333 526 716 911 1104 1299 1492 1680 1867
138 333 526 716 911 1104 1299 1492 1680 1867
138 333 526 716 911 1104 1299 1492 1680 1867
138 333 526 716 911 1104 1299 1492 1681 1867
138 333 526 716 911 1104 1299 1492 1681 1867
138 333 526 716 911 1104 1299 1492 1681 1867
139 333 526 716 911 1104 1299 1492 1681 1867
139 333 527 717 911 1104 1299 1492 1681 1867
139 333 527 717 912 1104 1299 1492 1681 1867
139 333 527 717 912 1104 1299 1492 1681 1868
139 333 527 717 912 1104 1299 1492 1681 1868
139 333 527 717 912 1104 1299 1492 1681 1868
139 333 527 717 912 1104 1299 1492 1681 1868
139 333 527 717 912 1104 1300 1493 1681 1868
139 333 527 717 912 1104 1300 1493 1681 1868
139 333 527 717 912 1104 1300 1493 1681 1868
139 333 527 717 912 1104 1300 1493 1681 1868
139 334 527 717 912 1105 1300 1493 1681 1868
139 334 527 717 912 1105 1300 1493 1681 1868
139 334 527 717 912 1105 1300 1493 1681 1868
139 334 527 717 912 1105 1300 1493 1681 1868
139 334 527 717 912 1105 1300 1493 1681 1868
139 334 527 717 912 1105 1300 1493 1681 1868
139 334 527 717 912 1105 1300 1493 1681 1868
139 334 527 717 912 1105 1300 1493 1681 1868
140 334 527 717 912 1105 1300 1493 1681 1868
140 334 528 718 912 1105 1300 1493 1682 1868
140 334 528 718 912 1105 1300 1493 1682 1868
140 334 528 718 913 1105 1300 1493 1682 1868
140 334 528 718 913 1105 1300 1493 1682 1868
140 334 528 718 913 1105 1300 1493 1682 1868
140 334 528 718 913 1105 1300 1493 1682 1868
140 334 528 718 913 1105 1300 1493 1682 1868
140 334 528 718 913 1105 1301 1494 1682 1868
140 334 528 718 913 1105 1301 1494 1682 1868
140 334 528 718 913 1105 1301 1494 1682 1868
140 334 528 718 913 1105 1301 1494 1682 1869
140 335 528 718 913 1106 1301 1494 1682 1869
140 335 528 718 913 1106 1301 1494 1682 1869
140 335 528 718 913 1106 1301 1494 1682 1869
140 335 528 718 913 1106 1301 1494 1682 1869
140 335 528 718 913 1106 1301 1494 1682 1869
140 335 528 718 913 1106 1301 1494 1682 1869
140 335 528 718 913 1106 1301 1494 1682 1869
141 335 528 719 913 1106 1301 1494 1682 1869
141 335 529 719 913 1106 1301 1494 1682 1869
141 335 529 719 913 1106 1301 1494 1682 1869
141 335 529 719 914 1106 1301 1494 1682 1869
141 335 529 719 914 1106 1301 1494 1682 1869
141 335 529 719 914 1106 1301 1494 1683 1869
141 335 529 719 914 1106 1301 1494 1683 1869
141 335 529 719 914 1106 1301 1494 1683 1869
141 335 529 719 914 1106 1302 1494 1683 1869
141 335 529 719 914 1106 1302 1495 1683 1869
141 335 529 719 914 1106 1302 1495 1683 1869
141 335 529 719 914 1107 1302 1495 1683 1869
141 335 529 719 914 1107 1302 1495 1683 1869
141 335 529 719 914 1107 1302 1495 1683 1869
141 336 529 719 914 1107 1302 1495 1683 1869
141 336 529 719 914 1107 1302 1495 1683 1869
141 336 529 719 914 1107 1302 1495 1683 1869
141 336 529 719 914 1107 1302 1495 1683 1869
141 336 529 720 914 1107 1302 1495 1683 1870
142 336 529 720 914 1107 1302 1495 1683 1870
142 336 530 720 914 1107 1302 1495 1683 1870
142 336 530 720 915 1107 1302 1495 1683 1870
142 336 530 720 915 1107 1302 1495 1683 1870
142 336 530 720 915 1107 1302 1495 1683 1870
142 336 530 720 915 1107 1302 1495 1683 1870
142 336 530 720 915 1107 1302 1495 1683 1870
142 336 530 720 915 1107 1302 1495 1683 1870
142 336 530 720 915 1107 1303 1495 1684 1870
142 336 530 720 915 1107 1303 1496 1684 1870
142 336 530 720 915 1108 1303 1496 1684 1870
142 336 530 720 915 1108 1303 1496 1684 1870
142 336 530 720 915 1108 1303 1496 1684 1870
142 336 530 720 915 1108 1303 1496 1684 1870
142 336 530 720 915 1108 1303 1496 1684 1870
142 337 530 720 915 1108 1303 1496 1684 1870
142 337 530 720 915 1108 1303 1496 1684 1870
142 337 530 721 915 1108 1303 1496 1684 1870
143 337 530 721 915 1108 1303 1496 1684 1870
143 337 530 721 915 1108 1303 1496 1684 1870
143 337 531 721 915 1108 1303 1496 1684 1870
143 337 531 721 916 1108 1303 1496 1684 1870
143 337 531 721 916 1108 1303 1496 1684 1870
143 337 531 721 916 1108 1303 1496 1684 1871
143 337 531 721 916 1108 1303 1496 1684 1871
143 337 531 721 916 1108 1303 1496 1684 1871
143 337 531 721 916 1108 1303 1496 1684 1871
143 337 531 721 916 1108 1304 1496 1684 1871
143 337 531 721 916 1109 1304 1497 1684 1871
143 337 531 721 916 1109 1304 1497 1684 1871
143 337 531 721 916 1109 1304 1497 1685 1871
143 337 531 721 916 1109 1304 1497 1685 1871
143 337 531 721 916 1109 1304 1497 1685 1871
143 337 531 721 916 1109 1304 1497 1685 1871
143 338 531 722 916 1109 1304 1497 1685 1871
143 338 531 722 916 1109 1304 1497 1685 1871
144 338 531 722 916 1109 1304 1497 1685 1871
144 338 531 722 916 1109 1304 1497 1685 1871
144 338 532 722 917 1109 1304 1497 1685 1871
144 338 532 722 917 1109 1304 1497 1685 1871
144 338 532 722 917 1109 1304 1497 1685 1871
144 338 532 722 917 1109 1304 1497 1685 1871
144 338 532 722 917 1109 1304 1497 1685 1871
144 338 532 722 917 1109 1304 1497 1685 1871
144 338 532 722 917 1109 1304 1497 1685 1871
144 338 532 722 917 1110 1305 1497 1685 1871
144 338 532 722 917 1110 1305 1497 1685 1871
144 338 532 722 917 1110 1305 1498 1685 1872
144 338 532 722 917 1110 1305 1498 1685 1872
144 338 532 722 917 1110 1305 1498 1685 1872
144 338 532 722 917 1110 1305 1498 1685 1872
144 338 532 723 917 1110 1305 1498 1685 1872
144 338 532 723 917 1110 1305 1498 1686 1872
145 339 532 723 917 1110 1305 1498 1686 1872
145 339 532 723 917 1110 1305 1498 1686 1872
145 339 533 723 917 1110 1305 1498 1686 1872
145 339 533 723 918 1110 1305 1498 1686 1872
145 339 533 723 918 1110 1305 1498 1686 1872
145 339 533 723 918 1110 1305 1498 1686 1872
145 339 533 723 918 1110 1305 1498 1686 1872
145 339 533 723 918 1110 1305 1498 1686 1872
145 339 533 723 918 1110 1305 1498 1686 1872
145 339 533 723 918 1111 1305 1498 1686 1872
145 339 533 723 918 1111 1306 1498 1686 1872
145 339 533 723 918 1111 1306 1498 1686 1872
145 339 533 723 918 1111 1306 1499 1686 1872
145 339 533 723 918 1111 1306 1499 1686 1872
145 339 533 724 918 1111 1306 1499 1686 1872
145 339 533 724 918 1111 1306 1499 1686 1872
145 339 533 724 918 1111 1306 1499 1686 1872
145 339 533 724 918 1111 1306 1499 1686 1873
146 339 533 724 918 1111 1306 1499 1686 1873
146 340 533 724 918 1111 1306 1499 1686 1873
146 340 534 724 919 1111 1306 1499 1687 1873
146 340 534 724 919 1111 1306 1499 1687 1873
146 340 534 724 919 1111 1306 1499 1687 1873
146 340 534 724 919 1111 1306 1499 1687 1873
146 340 534 724 919 1111 1306 1499 1687 1873
146 340 534 724 919 1111 1306 1499 1687 1873
146 340 534 724 919 1112 1306 1499 1687 1873
146 340 534 724 919 1112 1307 1499 1687 1873
146 340 534 724 919 1112 1307 1499 1687 1873
146 340 534 724 919 1112 1307 1499 1687 1873
146 340 534 724 919 1112 1307 1500 1687 1873
146 340 534 725 919 1112 1307 1500 1687 1873
146 340 534 725 919 1112 1307 1500 1687 1873
146 340 534 725 919 1112 1307 1500 1687 1873
146 340 534 725 919 1112 1307 1500 1687 1873
147 340 534 725 919 1112 1307 1500 1687 1873
147 340 534 725 919 1112 1307 1500 1687 1873
147 341 535 725 920 1112 1307 1500 1687 1873
147 341 535 725 920 1112 1307 1500 1687 1873
147 341 535 725 920 1112 1307 1500 1687 1874
147 341 535 725 920 1112 1307 1500 1687 1874
147 341 535 725 920 1112 1307 1500 1688 1874
147 341 535 725 920 1113 1307 1500 1688 1874
147 341 535 725 920 1113 1307 1500 1688 1874
147 341 535 725 920 1113 1308 1500 1688 1874
147 341 535 725 920 1113 1308 1500 1688 1874
147 341 535 725 920 1113 1308 1500 1688 1874
147 341 535 726 920 1113 1308 1500 1688 1874
147 341 535 726 920 1113 1308 1501 1688 1874
147 341 535 726 920 1113 1308 1501 1688 1874
147 341 535 726 920 1113 1308 1501 1688 1874
148 341 535 726 920 1113 1308 1501 1688 1874
148 341 535 726 920 1113 1308 1501 1688 1874
148 341 535 726 921 1113 1308 1501 1688 1874
148 341 536 726 921 1113 1308 1501 1688 1874
148 342 536 726 921 1113 1308 1501 1688 1874
148 342 536 726 921 1113 1308 1501 1688 1874
148 342 536 726 921 1113 1308 1501 1688 1874
148 342 536 726 921 1114 1308 1501 1688 1874
148 342 536 726 921 1114 1308 1501 1688 1874
148 342 536 726 921 1114 1308 1501 1688 1875
148 342 536 726 921 1114 1309 1501 1689 1875
148 342 536 726 921 1114 1309 1501 1689 1875
148 342 536 727 921 1114 1309 1501 1689 1875
148 342 536 727 921 1114 1309 1501 1689 1875
148 342 536 727 921 1114 1309 1502 1689 1875
148 342 536 727 921 1114 1309 1502 1689 1875
148 342 536 727 921 1114 1309 1502 1689 1875
149 342 536 727 921 1114 1309 1502 1689 1875
149 342 536 727 921 1114 1309 1502 1689 1875
149 342 537 727 922 1114 1309 1502 1689 1875
149 342 537 727 922 1114 1309 1502 1689 1875
149 342 537 727 922 1114 1309 1502 1689 1875
149 343 537 727 922 1114 1309 1502 1689 1875
149 343 537 727 922 1115 1309 1502 1689 1875
149 343 537 727 922 1115 1309 1502 1689 1875
149 343 537 727 922 1115 1309 1502 1689 1875
149 343 537 727 922 1115 1310 1502 1689 1875
149 343 537 728 922 1115 1310 1502 1689 1875
149 343 537 728 922 1115 1310 1502 1689 1875
149 343 537 728 922 1115 1310 1502 1689 1875
149 343 537 728 922 1115 1310 1502 1689 1876
149 343 537 728 922 1115 1310 1502 1690 1876
149 343 537 728 922 1115 1310 1503 1690 1876
150 343 537 728 922 1115 1310 1503 1690 1876
150 343 537 728 922 1115 1310 1503 1690 1876
150 343 538 728 923 1115 1310 1503 1690 1876
150 343 538 728 923 1115 1310 1503 1690 1876
150 343 538 728 923 1115 1310 1503 1690 1876
150 343 538 728 923 1115 1310 1503 1690 1876
150 343 538 728 923 1116 1310 1503 1690 1876
150 344 538 728 923 1116 1310 1503 1690 1876
150 344 538 728 923 1116 1310 1503 1690 1876
150 344 538 729 923 1116 1311 1503 1690 1876
150 344 538 729 923 1116 1311 1503 1690 1876
150 344 538 729 923 1116 1311 1503 1690 1876
150 344 538 729 923 1116 1311 1503 1690 1876
150 344 538 729 923 1116 1311 1503 1690 1876
150 344 538 729 923 1116 1311 1503 1690 1876
150 344 538 729 923 1116 1311 1503 1690 1876
151 344 538 729 923 1116 1311 1504 1690 1876
151 344 538 729 924 1116 1311 1504 1690 1877
151 344 539 729 924 1116 1311 1504 1691 1877
151 344 539 729 924 1116 1311 1504 1691 1877
151 344 539 729 924 1116 1311 1504 1691 1877
151 344 539 729 924 1117 1311 1504 1691 1877
151 344 539 729 924 1117 1311 1504 1691 1877
151 344 539 729 924 1117 1311 1504 1691 1877
151 345 539 730 924 1117 1311 1504 1691 1877
151 345 539 730 924 1117 1312 1504 1691 1877
151 345 539 730 924 1117 1312 1504 1691 1877
151 345 539 730 924 1117 1312 1504 1691 1877
151 345 539 730 924 1117 1312 1504 1691 1877
151 345 539 730 924 1117 1312 1504 1691 1877
151 345 539 730 924 1117 1312 1504 1691 1877
151 345 539 730 924 1117 1312 1504 1691 1877
152 345 539 730 924 1117 1312 1505 1691 1877
152 345 539 730 925 1117 1312 1505 1691 1877
152 345 540 730 925 1117 1312 1505 1691 1877
152 345 540 730 925 1117 1312 1505 1691 1877
152 345 540 730 925 1118 1312 1505 1691 1877
152 345 540 730 925 1118 1312 1505 1692 1878
152 345 540 730 925 1118 1312 1505 1692 1878
152 345 540 731 925 1118 1312 1505 1692 1878
152 345 540 731 925 1118 1312 1505 1692 1878
152 346 540 731 925 1118 1313 1505 1692 1878
152 346 540 731 925 1118 1313 1505 1692 1878
152 346 540 731 925 1118 1313 1505 1692 1878
152 346 540 731 925 1118 1313 1505 1692 1878
152 346 540 731 925 1118 1313 1505 1692 1878
152 346 540 731 925 1118 1313 1505 1692 1878
153 346 540 731 925 1118 1313 1505 1692 1878
153 346 540 731 926 1118 1313 1505 1692 1878
153 346 540 731 926 1118 1313 1506 1692 1878
153 346 541 731 926 1119 1313 1506 1692 1878
153 346 541 731 926 1119 1313 1506 1692 1878
153 346 541 731 926 1119 1313 1506 1692 1878
153 346 541 731 926 1119 1313 1506 1692 1878
153 346 541 732 926 1119 1313 1506 1692 1878
153 346 541 732 926 1119 1313 1506 1692 1878
153 346 541 732 926 1119 1314 1506 1692 1879
153 347 541 732 926 1119 1314 1506 1693 1879
153 347 541 732 926 1119 1314 1506 1693 1879
153 347 541 732 926 1119 1314 1506 1693 1879
153 347 541 732 926 1119 1314 1506 1693 1879
153 347 541 732 926 1119 1314 1506 1693 1879
154 347 541 732 926 1119 1314 1506 1693 1879
154 347 541 732 927 1119 1314 1506 1693 1879
154 347 541 732 927 1119 1314 1506 1693 1879
154 347 542 732 927 1120 1314 1507 1693 1879
154 347 542 732 927 1120 1314 1507 1693 1879
154 347 542 732 927 1120 1314 1507 1693 1879
154 347 542 733 927 1120 1314 1507 1693 1879
154 347 542 733 927 1120 1314 1507 1693 1879
154 347 542 733 927 1120 1314 1507 1693 1879
154 347 542 733 927 1120 1315 1507 1693 1879
154 347 542 733 927 1120 1315 1507 1693 1879
154 347 542 733 927 1120 1315 1507 1693 1879
154 348 542 733 927 1120 1315 1507 1693 1879
154 348 542 733 927 1120 1315 1507 1693 1880
154 348 542 733 927 1120 1315 1507 1694 1880
155 348 542 733 927 1120 1315 1507 1694 1880
155 348 542 733 928 1120 1315 1507 1694 1880
155 348 542 733 928 1121 1315 1507 1694 1880
155 348 543 733 928 1121 1315 1507 1694 1880
155 348 543 733 928 1121 1315 1508 1694 1880
155 348 543 734 928 1121 1315 1508 1694 1880
155 348 543 734 928 1121 1315 1508 1694 1880
155 348 543 734 928 1121 1315 1508 1694 1880
155 348 543 734 928 1121 1315 1508 1694 1880
155 348 543 734 928 1121 1316 1508 1694 1880
155 348 543 734 928 1121 1316 1508 1694 1880
155 348 543 734 928 1121 1316 1508 1694 1880
155 348 543 734 928 1121 1316 1508 1694 1880
155 349 543 734 928 1121 1316 1508 1694 1880
155 349 543 734 928 1121 1316 1508 1694 1880
156 349 543 734 929 1121 1316 1508 1694 1880
156 349 543 734 929 1122 1316 1508 1694 1881
156 349 543 734 929 1122 1316 1508 1694 1881
156 349 544 734 929 1122 1316 1508 1695 1881
156 349 544 735 929 1122 1316 1508 1695 1881
156 349 544 735 929 1122 1316 1509 1695 1881
156 349 544 735 929 1122 1316 1509 1695 1881
156 349 544 735 929 1122 1316 1509 1695 1881
156 349 544 735 929 1122 1317 1509 1695 1881
156 349 544 735 929 1122 1317 1509 1695 1881
156 349 544 735 929 1122 1317 1509 1695 1881
156 349 544 735 929 1122 1317 1509 1695 1881
156 349 544 735 929 1122 1317 1509 1695 1881
156 349 544 735 929 1122 1317 1509 1695 1881
156 350 544 735 929 1122 1317 1509 1695 1881
157 350 544 735 930 1123 1317 1509 1695 1881
157 350 544 735 930 1123 1317 1509 1695 1881
157 350 544 735 930 1123 1317 1509 1695 1881
157 350 545 736 930 1123 1317 1509 1695 1881
157 350 545 736 930 1123 1317 1509 1695 1882
157 350 545 736 930 1123 1317 1509 1695 1882
157 350 545 736 930 1123 1317 1510 1696 1882
157 350 545 736 930 1123 1317 1510 1696 1882
157 350 545 736 930 1123 1318 1510 1696 1882
157 350 545 736 930 1123 1318 1510 1696 1882
157 350 545 736 930 1123 1318 1510 1696 1882
157 350 545 736 930 1123 1318 1510 1696 1882
157 350 545 736 930 1123 1318 1510 1696 1882
157 350 545 736 930 1124 1318 1510 1696 1882
158 351 545 736 931 1124 1318 1510 1696 1882
158 351 545 736 931 1124 1318 1510 1696 1882
158 351 545 736 931 1124 1318 1510 1696 1882
158 351 545 737 931 1124 1318 1510 1696 1882
158 351 546 737 931 1124 1318 1510 1696 1882
158 351 546 737 931 1124 1318 1510 1696 1882
158 351 546 737 931 1124 1318 1510 1696 1882
158 351 546 737 931 1124 1318 1511 1696 1883
158 351 546 737 931 1124 1319 1511 1696 1883
158 351 546 737 931 1124 1319 1511 1696 1883
158 351 546 737 931 1124 1319 1511 1696 1883
158 351 546 737 931 1124 1319 1511 1697 1883
158 351 546 737 931 1124 1319 1511 1697 1883
158 351 546 737 931 1125 1319 1511 1697 1883
158 351 546 737 932 1125 1319 1511 1697 1883
159 351 546 737 932 1125 1319 1511 1697 1883
159 352 546 738 932 1125 1319 1511 1697 1883
159 352 546 738 932 1125 1319 1511 1697 1883
159 352 547 738 932 1125 1319 1511 1697 1883
159 352 547 738 932 1125 1319 1511 1697 1883
159 352 547 738 932 1125 1319 1511 1697 1883
159 352 547 738 932 1125 1319 1511 1697 1883
159 352 547 738 932 1125 1320 1511 1697 1883
159 352 547 738 932 1125 1320 1512 1697 1883
159 352 547 738 932 1125 1320 1512 1697 1884
159 352 547 738 932 1125 1320 1512 1697 1884
159 352 547 738 932 1126 1320 1512 1697 1884
159 352 547 738 932 1126 1320 1512 1697 1884
159 352 547 738 933 1126 1320 1512 1697 1884
160 352 547 739 933 1126 1320 1512 1698 1884
160 352 547 739 933 1126 1320 1512 1698 1884
160 353 547 739 933 1126 1320 1512 1698 1884
160 353 548 739 933 1126 1320 1512 1698 1884
160 353 548 739 933 1126 1320 1512 1698 1884
160 353 548 739 933 1126 1320 1512 1698 1884
160 353 548 739 933 1126 1320 1512 1698 1884
160 353 548 739 933 1126 1321 1512 1698 1884
160 353 548 739 933 1126 1321 1512 1698 1884
160 353 548 739 933 1126 1321 1513 1698 1884
160 353 548 739 933 1127 1321 1513 1698 1884
160 353 548 739 933 1127 1321 1513 1698 1884
160 353 548 739 933 1127 1321 1513 1698 1885
160 353 548 740 934 1127 1321 1513 1698 1885
161 353 548 740 934 1127 1321 1513 1698 1885
161 353 548 740 934 1127 1321 1513 1698 1885
161 353 548 740 934 1127 1321 1513 1698 1885
161 354 549 740 934 1127 1321 1513 1698 1885
161 354 549 740 934 1127 1321 1513 1699 1885
161 354 549 740 934 1127 1321 1513 1699 1885
161 354 549 740 934 1127 1321 1513 1699 1885
161 354 549 740 934 1127 1322 1513 1699 1885
161 354 549 740 934 1127 1322 1513 1699 1885
161 354 549 740 934 1128 1322 1513 1699 1885
161 354 549 740 934 1128 1322 1514 1699 1885
161 354 549 740 934 1128 1322 1514 1699 1885
161 354 549 741 935 1128 1322 1514 1699 1885
161 354 549 741 935 1128 1322 1514 1699 1885
162 354 549 741 935 1128 1322 1514 1699 1885
162 354 549 741 935 1128 1322 1514 1699 1886
162 354 549 741 935 1128 1322 1514 1699 1886
162 354 550 741 935 1128 1322 1514 1699 1886
162 355 550 741 935 1128 1322 1514 1699 1886
162 355 550 741 935 1128 1322 1514 1699 1886
162 355 550 741 935 1128 1323 1514 1699 1886
162 355 550 741 935 1128 1323 1514 1699 1886
162 355 550 741 935 1129 1323 1514 1700 1886
162 355 550 741 935 1129 1323 1514 1700 1886
162 355 550 741 935 1129 1323 1514 1700 1886
162 355 550 742 935 1129 1323 1515 1700 1886
162 355 550 742 936 1129 1323 1515 1700 1886
163 355 550 742 936 1129 1323 1515 1700 1886
163 355 550 742 936 1129 1323 1515 1700 1886
163 355 550 742 936 1129 1323 1515 1700 1886
163 355 550 742 936 1129 1323 1515 1700 1886
163 355 551 742 936 1129 1323 1515 1700 1887
163 355 551 742 936 1129 1323 1515 1700 1887
163 356 551 742 936 1129 1323 1515 1700 1887
163 356 551 742 936 1129 1324 1515 1700 1887
163 356 551 742 936 1130 1324 1515 1700 1887
163 356 551 742 936 1130 1324 1515 1700 1887
163 356 551 742 936 1130 1324 1515 1700 1887
163 356 551 743 936 1130 1324 1515 1700 1887
163 356 551 743 937 1130 1324 1516 1701 1887
163 356 551 743 937 1130 1324 1516 1701 1887
164 356 551 743 937 1130 1324 1516 1701 1887
164 356 551 743 937 1130 1324 1516 1701 1887
164 356 551 743 937 1130 1324 1516 1701 1887
164 356 551 743 937 1130 1324 1516 1701 1887
164 356 552 743 937 1130 1324 1516 1701 1887
164 356 552 743 937 1130 1324 1516 1701 1887
164 357 552 743 937 1131 1325 1516 1701 1888
164 357 552 743 937 1131 1325 1516 1701 1888
164 357 552 743 937 1131 1325 1516 1701 1888
164 357 552 743 937 1131 1325 1516 1701 1888
164 357 552 744 937 1131 1325 1516 1701 1888
164 357 552 744 938 1131 1325 1516 1701 1888
164 357 552 744 938 1131 1325 1516 1701 1888
165 357 552 744 938 1131 1325 1517 1701 1888
165 357 552 744 938 1131 1325 1517 1701 1888
165 357 552 744 938 1131 1325 1517 1702 1888
165 357 552 744 938 1131 1325 1517 1702 1888
165 357 553 744 938 1131 1325 1517 1702 1888
165 357 553 744 938 1132 1325 1517 1702 1888
165 357 553 744 938 1132 1326 1517 1702 1888
165 357 553 744 938 1132 1326 1517 1702 1888
165 358 553 744 938 1132 1326 1517 1702 1888
165 358 553 745 938 1132 1326 1517 1702 1889
165 358 553 745 938 1132 1326 1517 1702 1889
165 358 553 745 939 1132 1326 1517 1702 1889
165 358 553 745 939 1132 1326 1517 1702 1889
166 358 553 745 939 1132 1326 1517 1702 1889
166 358 553 745 939 1132 1326 1518 1702 1889
166 358 553 745 939 1132 1326 1518 1702 1889
166 358 553 745 939 1132 1326 1518 1702 1889
166 358 553 745 939 1132 1326 1518 1702 1889
166 358 554 745 939 1133 1326 1518 1702 1889
166 358 554 745 939 1133 1327 1518 1702 1889
166 358 554 745 939 1133 1327 1518 1703 1889
166 358 554 746 939 1133 1327 1518 1703 1889
166 359 554 746 939 1133 1327 1518 1703 1889
166 359 554 746 939 1133 1327 1518 1703 1889
166 359 554 746 940 1133 1327 1518 1703 1890
166 359 554 746 940 1133 1327 1518 1703 1890
166 359 554 746 940 1133 1327 1518 1703 1890
167 359 554 746 940 1133 1327 1518 1703 1890
167 359 554 746 940 1133 1327 1519 1703 1890
167 359 554 746 940 1133 1327 1519 1703 1890
167 359 554 746 940 1134 1327 1519 1703 1890
167 359 555 746 940 1134 1327 1519 1703 1890
167 359 555 746 940 1134 1328 1519 1703 1890
167 359 555 747 940 1134 1328 1519 1703 1890
167 359 555 747 940 1134 1328 1519 1703 1890
167 359 555 747 940 1134 1328 1519 1703 1890
167 360 555 747 940 1134 1328 1519 1703 1890
167 360 555 747 941 1134 1328 1519 1704 1890
167 360 555 747 941 1134 1328 1519 1704 1890
167 360 555 747 941 1134 1328 1519 1704 1890
168 360 555 747 941 1134 1328 1519 1704 1891
168 360 555 747 941 1134 1328 1519 1704 1891
168 360 555 747 941 1135 1328 1520 1704 1891
168 360 555 747 941 1135 1328 1520 1704 1891
168 360 556 747 941 1135 1328 1520 1704 1891
168 360 556 748 941 1135 1329 1520 1704 1891
168 360 556 748 941 1135 1329 1520 1704 1891
168 360 556 748 941 1135 1329 1520 1704 1891
168 360 556 748 941 1135 1329 1520 1704 1891
168 360 556 748 942 1135 1329 1520 1704 1891
168 361 556 748 942 1135 1329 1520 1704 1891
168 361 556 748 942 1135 1329 1520 1704 1891
169 361 556 748 942 1135 1329 1520 1704 1891
169 361 556 748 942 1135 1329 1520 1705 1891
169 361 556 748 942 1136 1329 1520 1705 1891
169 361 556 748 942 1136 1329 1520 1705 1892
169 361 556 748 942 1136 1329 1521 1705 1892
169 361 557 749 942 1136 1330 1521 1705 1892
169 361 557 749 942 1136 1330 1521 1705 1892
169 361 557 749 942 1136 1330 1521 1705 1892
169 361 557 749 942 1136 1330 1521 1705 1892
169 361 557 749 942 1136 1330 1521 1705 1892
169 361 557 749 943 1136 1330 1521 1705 1892
169 361 557 749 943 1136 1330 1521 1705 1892
169 362 557 749 943 1136 1330 1521 1705 1892
170 362 557 749 943 1137 1330 1521 1705 1892
170 362 557 749 943 1137 1330 1521 1705 1892
170 362 557 749 943 1137 1330 1521 1705 1892
170 362 557 749 943 1137 1330 1521 1705 1892
170 362 557 750 943 1137 1331 1521 1705 1893
170 362 558 750 943 1137 1331 1522 1706 1893
170 362 558 750 943 1137 1331 1522 1706 1893
170 362 558 750 943 1137 1331 1522 1706 1893
170 362 558 750 943 1137 1331 1522 1706 1893
170 362 558 750 944 1137 1331 1522 1706 1893
170 362 558 750 944 1137 1331 1522 1706 1893
170 362 558 750 944 1137 1331 1522 1706 1893
170 363 558 750 944 1138 1331 1522 1706 1893
171 363 558 750 944 1138 1331 1522 1706 1893
171 363 558 750 944 1138 1331 1522 1706 1893
171 363 558 750 944 1138 1331 1522 1706 1893
171 363 558 751 944 1138 1331 1522 1706 1893
171 363 559 751 944 1138 1332 1522 1706 1893
171 363 559 751 944 1138 1332 1522 1706 1893
171 363 559 751 944 1138 1332 1523 1706 1894
171 363 559 751 944 1138 1332 1523 1706 1894
171 363 559 751 945 1138 1332 1523 1706 1894
171 363 559 751 945 1138 1332 1523 1707 1894
171 363 559 751 945 1139 1332 1523 1707 1894
171 363 559 751 945 1139 1332 1523 1707 1894
172 363 559 751 945 1139 1332 1523 1707 1894
172 364 559 751 945 1139 1332 1523 1707 1894
172 364 559 751 945 1139 1332 1523 1707 1894
172 364 559 752 945 1139 1332 1523 1707 1894
172 364 559 752 945 1139 1333 1523 1707 1894
172 364 560 752 945 1139 1333 1523 1707 1894
172 364 560 752 945 1139 1333 1523 1707 1894
172 364 560 752 945 1139 1333 1524 1707 1894
172 364 560 752 946 1139 1333 1524 1707 1895
172 364 560 752 946 1139 1333 1524 1707 1895
172 364 560 752 946 1140 1333 1524 1707 1895
172 364 560 752 946 1140 1333 1524 1707 1895
172 364 560 752 946 1140 1333 1524 1707 1895
173 364 560 752 946 1140 1333 1524 1708 1895
173 365 560 753 946 1140 1333 1524 1708 1895
173 365 560 753 946 1140 1333 1524 1708 1895
173 365 560 753 946 1140 1334 1524 1708 1895
173 365 560 753 946 1140 1334 1524 1708 1895
173 365 561 753 946 1140 1334 1524 1708 1895
173 365 561 753 946 1140 1334 1524 1708 1895
173 365 561 753 947 1140 1334 1524 1708 1895
173 365 561 753 947 1141 1334 1525 1708 1895
173 365 561 753 947 1141 1334 1525 1708 1896
173 365 561 753 947 1141 1334 1525 1708 1896
173 365 561 753 947 1141 1334 1525 1708 1896
174 365 561 754 947 1141 1334 1525 1708 1896
174 365 561 754 947 1141 1334 1525 1708 1896
174 365 561 754 947 1141 1334 1525 1708 1896
174 366 561 754 947 1141 1335 1525 1708 1896
174 366 561 754 947 1141 1335 1525 1709 1896
174 366 562 754 947 1141 1335 1525 1709 1896
174 366 562 754 947 1141 1335 1525 1709 1896
174 366 562 754 948 1142 1335 1525 1709 1896
174 366 562 754 948 1142 1335 1525 1709 1896
174 366 562 754 948 1142 1335 1526 1709 1896
174 366 562 754 948 1142 1335 1526 1709 1896
174 366 562 754 948 1142 1335 1526 1709 1897
175 366 562 755 948 1142 1335 1526 1709 1897
175 366 562 755 948 1142 1335 1526 1709 1897
175 366 562 755 948 1142 1335 1526 1709 1897
175 366 562 755 948 1142 1336 1526 1709 1897
175 367 562 755 948 1142 1336 1526 1709 1897
175 367 563 755 948 1142 1336 1526 1709 1897
175 367 563 755 948 1143 1336 1526 1709 1897
175 367 563 755 949 1143 1336 1526 1709 1897
175 367 563 755 949 1143 1336 1526 1710 1897
175 367 563 755 949 1143 1336 1526 1710 1897
175 367 563 755 949 1143 1336 1527 1710 1897
175 367 563 756 949 1143 1336 1527 1710 1897
176 367 563 756 949 1143 1336 1527 1710 1897
176 367 563 756 949 1143 1336 1527 1710 1898
176 367 563 756 949 1143 1337 1527 1710 1898
176 367 563 756 949 1143 1337 1527 1710 1898
176 367 563 756 949 1143 1337 1527 1710 1898
176 368 564 756 949 1144 1337 1527 1710 1898
176 368 564 756 949 1144 1337 1527 1710 1898
176 368 564 756 950 1144 1337 1527 1710 1898
176 368 564 756 950 1144 1337 1527 1710 1898
176 368 564 756 950 1144 1337 1527 1710 1898
176 368 564 757 950 1144 1337 1527 1710 1898
176 368 564 757 950 1144 1337 1528 1710 1898
177 368 564 757 950 1144 1337 1528 1711 1898
177 368 564 757 950 1144 1337 1528 1711 1898
177 368 564 757 950 1144 1338 1528 1711 1898
177 368 564 757 950 1144 1338 1528 1711 1899
177 368 564 757 950 1145 1338 1528 1711 1899
177 368 565 757 950 1145 1338 1528 1711 1899
177 369 565 757 951 1145 1338 1528 1711 1899
177 369 565 757 951 1145 1338 1528 1711 1899
177 369 565 757 951 1145 1338 1528 1711 1899
177 369 565 758 951 1145 1338 1528 1711 1899
177 369 565 758 951 1145 1338 1528 1711 1899
177 369 565 758 951 1145 1338 1528 1711 1899
178 369 565 758 951 1145 1338 1529 1711 1899
178 369 565 758 951 1145 1339 1529 1711 1899
178 369 565 758 951 1145 1339 1529 1711 1899
178 369 565 758 951 1146 1339 1529 1711 1899
178 369 565 758 951 1146 1339 1529 1712 1900
178 369 566 758 951 1146 1339 1529 1712 1900
178 370 566 758 952 1146 1339 1529 1712 1900
178 370 566 758 952 1146 1339 1529 1712 1900
178 370 566 759 952 1146 1339 1529 1712 1900
178 370 566 759 952 1146 1339 1529 1712 1900
178 370 566 759 952 1146 1339 1529 1712 1900
178 370 566 759 952 1146 1339 1529 1712 1900
179 370 566 759 952 1146 1339 1529 1712 1900
179 370 566 759 952 1147 1340 1530 1712 1900
179 370 566 759 952 1147 1340 1530 1712 1900
179 370 566 759 952 1147 1340 1530 1712 1900
179 370 566 759 952 1147 1340 1530 1712 1900
179 370 567 759 953 1147 1340 1530 1712 1900
179 370 567 759 953 1147 1340 1530 1712 1901
179 371 567 760 953 1147 1340 1530 1713 1901
179 371 567 760 953 1147 1340 1530 1713 1901
179 371 567 760 953 1147 1340 1530 1713 1901
179 371 567 760 953 1147 1340 1530 1713 1901
180 371 567 760 953 1147 1340 1530 1713 1901
180 371 567 760 953 1148 1341 1530 1713 1901
180 371 567 760 953 1148 1341 1530 1713 1901
180 371 567 760 953 1148 1341 1531 1713 1901
180 371 567 760 953 1148 1341 1531 1713 1901
180 371 567 760 954 1148 1341 1531 1713 1901
180 371 568 760 954 1148 1341 1531 1713 1901
180 371 568 761 954 1148 1341 1531 1713 1901
180 372 568 761 954 1148 1341 1531 1713 1902
180 372 568 761 954 1148 1341 1531 1713 1902
180 372 568 761 954 1148 1341 1531 1713 1902
180 372 568 761 954 1148 1341 1531 1713 1902
181 372 568 761 954 1149 1342 1531 1714 1902
181 372 568 761 954 1149 1342 1531 1714 1902
181 372 568 761 954 1149 1342 1531 1714 1902
181 372 568 761 954 1149 1342 1531 1714 1902
181 372 568 761 954 1149 1342 1532 1714 1902
181 372 568 762 955 1149 1342 1532 1714 1902
181 372 569 762 955 1149 1342 1532 1714 1902
181 372 569 762 955 1149 1342 1532 1714 1902
181 372 569 762 955 1149 1342 1532 1714 1902
181 373 569 762 955 1149 1342 1532 1714 1903
181 373 569 762 955 1150 1342 1532 1714 1903
182 373 569 762 955 1150 1343 1532 1714 1903
182 373 569 762 955 1150 1343 1532 1714 1903
182 373 569 762 955 1150 1343 1532 1714 1903
182 373 569 762 955 1150 1343 1532 1714 1903
182 373 569 762 955 1150 1343 1532 1715 1903
182 373 569 763 956 1150 1343 1533 1715 1903
182 373 570 763 956 1150 1343 1533 1715 1903
182 373 570 763 956 1150 1343 1533 1715 1903
182 373 570 763 956 1150 1343 1533 1715 1903
182 373 570 763 956 1151 1343 1533 1715 1903
182 374 570 763 956 1151 1343 1533 1715 1903
182 374 570 763 956 1151 1344 1533 1715 1904
183 374 570 763 956 1151 1344 1533 1715 1904
183 374 570 763 956 1151 1344 1533 1715 1904
183 374 570 763 956 1151 1344 1533 1715 1904
183 374 570 764 956 1151 1344 1533 1715 1904
183 374 570 764 957 1151 1344 1533 1715 1904
183 374 570 764 957 1151 1344 1533 1715 1904
183 374 571 764 957 1151 1344 1534 1715 1904
183 374 571 764 957 1151 1344 1534 1716 1904
183 374 571 764 957 1152 1344 1534 1716 1904
183 374 571 764 957 1152 1344 1534 1716 1904
183 375 571 764 957 1152 1345 1534 1716 1904
184 375 571 764 957 1152 1345 1534 1716 1905
184 375 571 764 957 1152 1345 1534 1716 1905
184 375 571 764 957 1152 1345 1534 1716 1905
184 375 571 765 957 1152 1345 1534 1716 1905
184 375 571 765 958 1152 1345 1534 1716 1905
184 375 571 765 958 1152 1345 1534 1716 1905
184 375 572 765 958 1152 1345 1534 1716 1905
184 375 572 765 958 1153 1345 1535 1716 1905
184 375 572 765 958 1153 1345 1535 1716 1905
184 375 572 765 958 1153 1345 1535 1716 1905
184 375 572 765 958 1153 1346 1535 1716 1905
185 375 572 765 958 1153 1346 1535 1717 1905
185 376 572 765 958 1153 1346 1535 1717 1905
185 376 572 766 958 1153 1346 1535 1717 1906
185 376 572 766 959 1153 1346 1535 1717 1906
185 376 572 766 959 1153 1346 1535 1717 1906
185 376 572 766 959 1153 1346 1535 1717 1906
185 376 573 766 959 1154 1346 1535 1717 1906
185 376 573 766 959 1154 1346 1535 1717 1906
185 376 573 766 959 1154 1346 1536 1717 1906
185 376 573 766 959 1154 1346 1536 1717 1906
185 376 573 766 959 1154 1347 1536 1717 1906
186 376 573 766 959 1154 1347 1536 1717 1906
186 376 573 767 959 1154 1347 1536 1717 1906
186 377 573 767 959 1154 1347 1536 1717 1906
186 377 573 767 960 1154 1347 1536 1717 1907
186 377 573 767 960 1154 1347 1536 1718 1907
186 377 573 767 960 1155 1347 1536 1718 1907
186 377 573 767 960 1155 1347 1536 1718 1907
186 377 574 767 960 1155 1347 1536 1718 1907
186 377 574 767 960 1155 1347 1536 1718 1907
186 377 574 767 960 1155 1347 1537 1718 1907
186 377 574 767 960 1155 1348 1537 1718 1907
187 377 574 767 960 1155 1348 1537 1718 1907
187 377 574 768 960 1155 1348 1537 1718 1907
187 377 574 768 960 1155 1348 1537 1718 1907
187 378 574 768 961 1155 1348 1537 1718 1907
187 378 574 768 961 1156 1348 1537 1718 1907
187 378 574 768 961 1156 1348 1537 1718 1908
187 378 574 768 961 1156 1348 1537 1718 1908
187 378 575 768 961 1156 1348 1537 1718 1908
187 378 575 768 961 1156 1348 1537 1719 1908
187 378 575 768 961 1156 1349 1537 1719 1908
187 378 575 768 961 1156 1349 1538 1719 1908
188 378 575 769 961 1156 1349 1538 1719 1908
188 378 575 769 961 1156 1349 1538 1719 1908
188 378 575 769 961 1156 1349 1538 1719 1908
188 379 575 769 962 1157 1349 1538 1719 1908
188 379 575 769 962 1157 1349 1538 1719 1908
188 379 575 769 962 1157 1349 1538 1719 1908
188 379 575 769 962 1157 1349 1538 1719 1909
188 379 576 769 962 1157 1349 1538 1719 1909
188 379 576 769 962 1157 1349 1538 1719 1909
188 379 576 769 962 1157 1350 1538 1719 1909
188 379 576 770 962 1157 1350 1538 1719 1909
189 379 576 770 962 1157 1350 1539 1719 1909
189 379 576 770 962 1157 1350 1539 1720 1909
189 379 576 770 963 1158 1350 1539 1720 1909
189 379 576 770 963 1158 1350 1539 1720 1909
189 380 576 770 963 1158 1350 1539 1720 1909
189 380 576 770 963 1158 1350 1539 1720 1909
189 380 576 770 963 1158 1350 1539 1720 1909
189 380 577 770 963 1158 1350 1539 1720 1910
189 380 577 770 963 1158 1351 1539 1720 1910
189 380 577 771 963 1158 1351 1539 1720 1910
189 380 577 771 963 1158 1351 1539 1720 1910
190 380 577 771 963 1159 1351 1539 1720 1910
190 380 577 771 963 1159 1351 1540 1720 1910
190 380 577 771 964 1159 1351 1540 1720 1910
190 380 577 771 964 1159 1351 1540 1720 1910
190 380 577 771 964 1159 1351 1540 1721 1910
190 381 577 771 964 1159 1351 1540 1721 1910
190 381 577 771 964 1159 1351 1540 1721 1910
190 381 578 771 964 1159 1351 1540 1721 1910
190 381 578 772 964 1159 1352 1540 1721 1911
190 381 578 772 964 1159 1352 1540 1721 1911
190 381 578 772 964 1160 1352 1540 1721 1911
191 381 578 772 964 1160 1352 1540 1721 1911
191 381 578 772 965 1160 1352 1540 1721 1911
191 381 578 772 965 1160 1352 1541 1721 1911
191 381 578 772 965 1160 1352 1541 1721 1911
191 381 578 772 965 1160 1352 1541 1721 1911
191 382 578 772 965 1160 1352 1541 1721 1911
191 382 578 772 965 1160 1352 1541 1721 1911
191 382 579 773 965 1160 1353 1541 1721 1911
191 382 579 773 965 1160 1353 1541 1722 1911
191 382 579 773 965 1161 1353 1541 1722 1912
191 382 579 773 965 1161 1353 1541 1722 1912
192 382 579 773 966 1161 1353 1541 1722 1912
192 382 579 773 966 1161 1353 1541 1722 1912
192 382 579 773 966 1161 1353 1541 1722 1912
192 382 579 773 966 1161 1353 1542 1722 1912
192 382 579 773 966 1161 1353 1542 1722 1912
192 382 579 774 966 1161 1353 1542 1722 1912
192 383 579 774 966 1161 1354 1542 1722 1912
192 383 580 774 966 1162 1354 1542 1722 1912
192 383 580 774 966 1162 1354 1542 1722 1912
192 383 580 774 966 1162 1354 1542 1722 1912
193 383 580 774 966 1162 1354 1542 1722 1913
193 383 580 774 967 1162 1354 1542 1723 1913
193 383 580 774 967 1162 1354 1542 1723 1913
193 383 580 774 967 1162 1354 1542 1723 1913
193 383 580 774 967 1162 1354 1542 1723 1913
193 383 580 775 967 1162 1354 1543 1723 1913
193 383 580 775 967 1162 1355 1543 1723 1913
193 384 581 775 967 1163 1355 1543 1723 1913
193 384 581 775 967 1163 1355 1543 1723 1913
193 384 581 775 967 1163 1355 1543 1723 1913
193 384 581 775 967 1163 1355 1543 1723 1913
194 384 581 775 968 1163 1355 1543 1723 1914
194 384 581 775 968 1163 1355 1543 1723 1914
194 384 581 775 968 1163 1355 1543 1723 1914
194 384 581 775 968 1163 1355 1543 1723 1914
194 384 581 776 968 1163 1355 1543 1724 1914
194 384 581 776 968 1164 1356 1544 1724 1914
194 384 581 776 968 1164 1356 1544 1724 1914
194 384 582 776 968 1164 1356 1544 1724 1914
194 385 582 776 968 1164 1356 1544 1724 1914
194 385 582 776 968 1164 1356 1544 1724 1914
195 385 582 776 969 1164 1356 1544 1724 1914
195 385 582 776 969 1164 1356 1544 1724 1914
195 385 582 776 969 1164 1356 1544 1724 1915
195 385 582 777 969 1164 1356 1544 1724 1915
195 385 582 777 969 1165 1356 1544 1724 1915
195 385 582 777 969 1165 1357 1544 1724 1915
195 385 582 777 969 1165 1357 1544 1724 1915
195 385 583 777 969 1165 1357 1545 1724 1915
195 385 583 777 969 1165 1357 1545 1725 1915
195 386 583 777 969 1165 1357 1545 1725 1915
195 386 583 777 970 1165 1357 1545 1725 1915
196 386 583 777 970 1165 1357 1545 1725 1915
196 386 583 777 970 1165 1357 1545 1725 1915
196 386 583 778 970 1165 1357 1545 1725 1916
196 386 583 778 970 1166 1357 1545 1725 1916
196 386 583 778 970 1166 1358 1545 1725 1916
196 386 583 778 970 1166 1358 1545 1725 1916
196 386 583 778 970 1166 1358 1545 1725 1916
196 386 584 778 970 1166 1358 1546 1725 1916
196 386 584 778 970 1166 1358 1546 1725 1916
196 387 584 778 971 1166 1358 1546 1725 1916
197 387 584 778 971 1166 1358 1546 1725 1916
197 387 584 779 971 1166 1358 1546 1726 1916
197 387 584 779 971 1167 1358 1546 1726 1916
197 387 584 779 971 1167 1358 1546 1726 1916
197 387 584 779 971 1167 1359 1546 1726 1917
197 387 584 779 971 1167 1359 1546 1726 1917
197 387 584 779 971 1167 1359 1546 1726 1917
197 387 585 779 971 1167 1359 1546 1726 1917
197 387 585 779 971 1167 1359 1547 1726 1917
197 387 585 779 972 1167 1359 1547 1726 1917
198 388 585 779 972 1167 1359 1547 1726 1917
198 388 585 780 972 1168 1359 1547 1726 1917
198 388 585 780 972 1168 1359 1547 1726 1917
198 388 585 780 972 1168 1359 1547 1726 1917
198 388 585 780 972 1168 1360 1547 1726 1917
198 388 585 780 972 1168 1360 1547 1727 1918
198 388 585 780 972 1168 1360 1547 1727 1918
198 388 585 780 972 1168 1360 1547 1727 1918
198 388 586 780 972 1168 1360 1547 1727 1918
198 388 586 780 973 1168 1360 1547 1727 1918
199 388 586 781 973 1169 1360 1548 1727 1918
199 389 586 781 973 1169 1360 1548 1727 1918
199 389 586 781 973 1169 1360 1548 1727 1918
199 389 586 781 973 1169 1360 1548 1727 1918
199 389 586 781 973 1169 1361 1548 1727 1918
199 389 586 781 973 1169 1361 1548 1727 1918
199 389 586 781 973 1169 1361 1548 1727 1919
199 389 586 781 973 1169 1361 1548 1727 1919
199 389 587 781 973 1169 1361 1548 1727 1919
199 389 587 781 974 1170 1361 1548 1728 1919
199 389 587 782 974 1170 1361 1548 1728 1919
200 389 587 782 974 1170 1361 1549 1728 1919
200 390 587 782 974 1170 1361 1549 1728 1919
200 390 587 782 974 1170 1361 1549 1728 1919
200 390 587 782 974 1170 1362 1549 1728 1919
200 390 587 782 974 1170 1362 1549 1728 1919
200 390 587 782 974 1170 1362 1549 1728 1919
200 390 587 782 974 1170 1362 1549 1728 1920
200 390 588 782 975 1171 1362 1549 1728 1920
200 390 588 783 975 1171 1362 1549 1728 1920
200 390 588 783 975 1171 1362 1549 1728 1920
201 390 588 783 975 1171 1362 1549 1728 1920
201 390 588 783 975 1171 1362 1550 1728 1920
201 391 588 783 975 1171 1363 1550 1729 1920
201 391 588 783 975 1171 1363 1550 1729 1920
201 391 588 783 975 1171 1363 1550 1729 1920
201 391 588 783 975 1171 1363 1550 1729 1920
201 391 588 783 975 1172 1363 1550 1729 1920
201 391 588 784 976 1172 1363 1550 1729 1921
201 391 589 784 976 1172 1363 1550 1729 1921
201 391 589 784 976 1172 1363 1550 1729 1921
202 391 589 784 976 1172 1363 1550 1729 1921
202 391 589 784 976 1172 1363 1550 1729 1921
202 391 589 784 976 1172 1364 1551 1729 1921
202 392 589 784 976 1172 1364 1551 1729 1921
202 392 589 784 976 1172 1364 1551 1729 1921
202 392 589 784 976 1173 1364 1551 1729 1921
202 392 589 785 976 1173 1364 1551 1730 1921
202 392 589 785 977 1173 1364 1551 1730 1921
202 392 590 785 977 1173 1364 1551 1730 1922
202 392 590 785 977 1173 1364 1551 1730 1922
203 392 590 785 977 1173 1364 1551 1730 1922
203 392 590 785 977 1173 1365 1551 1730 1922
203 392 590 785 977 1173 1365 1551 1730 1922
203 392 590 785 977 1173 1365 1552 1730 1922
203 393 590 785 977 1174 1365 1552 1730 1922
203 393 590 786 977 1174 1365 1552 1730 1922
203 393 590 786 978 1174 1365 1552 1730 1922
203 393 590 786 978 1174 1365 1552 1730 1922
203 393 591 786 978 1174 1365 1552 1730 1922
203 393 591 786 978 1174 1365 1552 1731 1923
204 393 591 786 978 1174 1365 1552 1731 1923
204 393 591 786 978 1174 1366 1552 1731 1923
204 393 591 786 978 1174 1366 1552 1731 1923
204 393 591 786 978 1175 1366 1552 1731 1923
204 394 591 787 978 1175 1366 1553 1731 1923
204 394 591 787 978 1175 1366 1553 1731 1923
204 394 591 787 979 1175 1366 1553 1731 1923
204 394 591 787 979 1175 1366 1553 1731 1923
204 394 592 787 979 1175 1366 1553 1731 1923
205 394 592 787 979 1175 1366 1553 1731 1924
205 394 592 787 979 1175 1367 1553 1731 1924
205 394 592 787 979 1175 1367 1553 1731 1924
205 394 592 787 979 1176 1367 1553 1731 1924
205 394 592 788 979 1176 1367 1553 1732 1924
205 394 592 788 979 1176 1367 1553 1732 1924
205 395 592 788 980 1176 1367 1554 1732 1924
205 395 592 788 980 1176 1367 1554 1732 1924
205 395 592 788 980 1176 1367 1554 1732 1924
205 395 593 788 980 1176 1367 1554 1732 1924
206 395 593 788 980 1176 1367 1554 1732 1924
206 395 593 788 980 1177 1368 1554 1732 1925
206 395 593 788 980 1177 1368 1554 1732 1925
206 395 593 789 980 1177 1368 1554 1732 1925
206 395 593 789 980 1177 1368 1554 1732 1925
206 395 593 789 980 1177 1368 1554 1732 1925
206 396 593 789 981 1177 1368 1554 1732 1925
206 396 593 789 981 1177 1368 1555 1733 1925
206 396 593 789 981 1177 1368 1555 1733 1925
206 396 594 789 981 1177 1368 1555 1733 1925
207 396 594 789 981 1178 1369 1555 1733 1925
207 396 594 789 981 1178 1369 1555 1733 1925
207 396 594 790 981 1178 1369 1555 1733 1926
207 396 594 790 981 1178 1369 1555 1733 1926
207 396 594 790 981 1178 1369 1555 1733 1926
207 396 594 790 982 1178 1369 1555 1733 1926
207 396 594 790 982 1178 1369 1555 1733 1926
207 397 594 790 982 1178 1369 1555 1733 1926
207 397 595 790 982 1178 1369 1556 1733 1926
207 397 595 790 982 1179 1370 1556 1733 1926
208 397 595 790 982 1179 1370 1556 1734 1926
208 397 595 791 982 1179 1370 1556 1734 1926
208 397 595 791 982 1179 1370 1556 1734 1927
208 397 595 791 982 1179 1370 1556 1734 1927
208 397 595 791 983 1179 1370 1556 1734 1927
208 397 595 791 983 1179 1370 1556 1734 1927
208 397 595 791 983 1179 1370 1556 1734 1927
208 398 595 791 983 1180 1370 1556 1734 1927
208 398 596 791 983 1180 1371 1557 1734 1927
209 398 596 791 983 1180 1371 1557 1734 1927
209 398 596 792 983 1180 1371 1557 1734 1927
209 398 596 792 983 1180 1371 1557 1734 1927
209 398 596 792 983 1180 1371 1557 1734 1927
209 398 596 792 983 1180 1371 1557 1735 1928
209 398 596 792 984 1180 1371 1557 1735 1928
209 398 596 792 984 1180 1371 1557 1735 1928
209 398 596 792 984 1181 1371 1557 1735 1928
209 398 596 792 984 1181 1371 1557 1735 1928
209 399 597 792 984 1181 1372 1557 1735 1928
210 399 597 793 984 1181 1372 1558 1735 1928
210 399 597 793 984 1181 1372 1558 1735 1928
