#Th spectrum for wavelength calibration, pixels
#order from to      center      wavelength  band

0	0225	0238	231.2193	794.81764	ArI
0	0240	0260	250.5985	794.31814	NeI

1	0095	0115	104.3847	772.42072	ArI
1	0456	0470	462.5552	763.51060	ArI
1	0817	0837	826.0343	754.40400	NeI
1	0849	0869	858.8962	753.57700	NeI
1	0935	0950	942.7402	751.46518	ArI
1	0980	0992	985.4290	750.38691	ArI

2	0013	0027	019.0549	750.38691	ArI
2	0072	0092	081.7024	748.88700	NeI
2	0141	0161	150.3938	747.24400	NeI
2	0280	0300	290.0378	743.88900	NeI
2	0510	0525	517.7560	738.39805	ArI
2	0965	0985	974.2684	727.29359	ArI

3	0027	0048	037.6648	727.29359	ArI
#
3	0148	0168	157.3300	724.51700	NeI
3	0453	0473	462.6083	717.39400	NeI
3	0571	0584	577.3154	714.70416	ArI
3	0910	0922	915.7714	706.72181	ArI
3	0940	0960	949.9436	705.91100	NeI

4	0000	0011	004.6594	706.72181	ArI
4	0149	0169	159.2007	703.24128	NeI
#
4	0186	0206	196.2655	702.40500	NeI
4	0445	0465	455.0774	696.54307	ArI
4	0603	0623	612.9988	692.94700	NeI
4	0861	0875	867.2773	687.12891	ArI

5	0020	0034	026.5320	686.12688	ArII
#
5	0496	0511	503.8492	675.64528	ThI
#5	0452	0460	455.7000	676.66117	ArI
5	0513	0528	519.9722	675.28335	ArI
5	0665	0692	681.5409	671.70430	NeI
5	0666	0678	671.7485	671.91995	ThI
5	0855	0866	855.8260	667.82766	NeI

6	0786	0806	795.7574	650.65281	NeI
6	0664	0684	673.7513	653.28822	NeI
6	0357	0377	366.3153	659.89528	NeI
6	0896	0911	903.9510	648.30825	ArII
6	0673	0690	680.9053	653.13418	ThI
6	0430	0445	436.5298	658.39060	ThI
6	0405	0425	414.9464	658.85396	ThI
6	0145	0165	156.7728	664.36976	ArII

7	0448	0468	457.8000	640.22480	NeI
7	0540	0560	549.9475	638.29914	NeI
7	0772	0792	781.4224	633.44276	NeI
7	0912	0932	922.0536	630.47893	NeI
7	0380	0400	390.4169	641.63071	ArI
7	0185	0204	193.3385	645.72824	ThI

8	0967	0987	976.3604	612.84500	NeI
8	0895	0915	905.2603	614.30600	NeI
8	0795	0815	805.1599	616.35900	NeI
8	0533	0553	542.3586	621.72800	NeI
8	0290	0310	299.9929	626.64900	NeI
8	0101	0121	110.3603	630.47800	NeI

9	0949	0969	958.8165	597.55300	NeI
9	0676	0696	686.1457	602.99900	NeI
9	0453	0473	462.7927	607.43300	NeI
9	0343	0363	352.4447	609.61600	NeI
9	0179	0199	188.6135	612.84500	NeI
9	0104	0124	114.1999	614.30600	NeI
9	0000	0020	009.4835	616.35900	NeI

10	0818	0838	827.4065	585.24800	NeI
10	0666	0686	676.1126	588.18900	NeI
10	0341	0361	350.4318	594.48300	NeI
10	0181	0201	190.6308	597.55300	NeI

#11	0164	0177	170.3454	583.23705	NeI
11	0505	0525	514.7588	576.96100	NeI
11	0393	0413	402.8805	579.06700	NeI
11	0766	0786	776.2850	572.01828	ThI
11	0553	0573	562.7818	576.05508	ThI
11	0323	0338	331.1778	580.41412	ThI
11	0023	0038	030.7828	586.03103	ArI

12	0030	0048	39.91000	572.01800	ThI
12	0412	0425	417.9985	565.07000	ThI
12	0650	0664	656.8493	560.67300	ThI
12	0757	0770	763.4608	558.70354	ThI

13	0036	0050	42.14690	558.70263	ThI
13	0546	0559	552.0623	549.58738 	ThI
13	0715	0727	720.7285	546.42055 	ThI
13	0788	0805	796.9905	545.22025	ThI

14	0284	0297	290.4155	541.74858	ThI
14	0706	0718	711.5265	534.35812 	ThI

#15	0515	0527	520.5966	525.83602 	ThI
#15	0672	0685	678.7592	523.11597	ThI
#
15	0016	0027	21.06690	534.35812 	ThI
15	0195	0215	207.0843	531.20018 	ThI
#
#15	0858	0872	864.1679	519.91637	ThI
#15	0924	0937	930.0622	518.71677	ThI

16	0690	0705	696.9308	511.50448	ThI
#
16	0188	0204	195.0746	519.91637	ThI
#16	0257	0271	263.4968	518.71677	ThI
16	0432	0445	437.7024	515.86041	ThI
16	0532	0545	538.0152	514.17827	ThI
16	0836	0849	842.2375	509.05455	ThI
16	1003	1018	1010.2039	506.20371	ThI

17	0180	0194	186.8261	509.05455	ThI
17	0355	0368	0361.1766	506.20371	ArII
17	0627	0643	0634.4798	501.71628	ArII
17	0675	0690	681.9699	500.93344 	ArII
17	0942	0957	949.5235	496.50795	ArII


18	0027	0043	34.51230	500.93344 	ArII
18	0305	0320	312.0957	496.50795	ArII
18	0504	0518	510.8125	493.32232	ArII
18	0680	0696	687.4377	490.47334	ArII
18	0742	0756	748.1512	489.49551	ThI
18	0835	0848	841.3301	487.98635	ArII


19	0109	0125	116.6406	489.49551	ThI
19	0207	0220	213.2450	487.98635	ArII
19	0408	0430	417.6543	484.77951	ArII
19	0676	0691	682.9664	480.60094	ArII
19	0850	0865	858.0366	477.82940	ThI
19	0936	0950	942.5028	476.48729	ArII

20	0054	0070	62.01400	480.60094	ArII
20	0236	0250	243.3377	477.82940	ThI
20	0324	0339	330.8562	476.48729	ArII
20	0512	0527	518.9881	473.59058	ArII
20	0537	0552	543.9501	473.20532	ArII
20	0571	0585	577.5103	472.68683	ArII
20	0717	0730	725.3567	470.39898	ThI
20	0730	0745	736.1051	470.23161	ArI

21	0111	0127	118.4325	470.39898	ThI
21	0124	0138	129.4727	470.23161	ArI
21	0417	0433	424.8995	465.79012	ArII
21	0737	0752	744.0178	460.95673	ArII
21	0865	0882	873.1777	458.98899	ArII
21	0935	0950	942.2924	457.93396	ArII

22	0140	0160	149.5946	460.95673	ArII
22	0276	0292	283.2192	458.98899	ArII
22	0348	0362	354.6952	457.93396	ArII
22	0579	0594	586.2539	454.50519	ArII
22	0810	0824	816.6786	451.07332	ArI

23	0228	0245	236.1982	451.07332	ArI
23	0428	0445	435.8480	448.18107	ArII
23	0478	0492	484.3856	447.47594	ArII
23	0810	0830	818.5611	442.60011	ArII


24	0242	0258	249.1205	442.60011	ArII
24	0530	0544	536.8222	438.50566	ArII
24	0568	0583	574.4665	437.96668	ArII
24	0786	0805	795.0547	434.80640	ThI

25	0227	0245	235.4524	434.80640	ThI
25	0730	0750	739.3006	427.75282	ArII
25	0861	0876	868.0578	425.93619	ArI

26	0181	0196	188.0047	427.75282	ArII
26	0312	0330	320.9054	425.93619	ArI
26	0756	0774	764.3567	419.83170	ArI
26	0876	0892	883.0039	418.18836	ArI

27	0216	0233	223.7067	419.83170	ArI
27	0340	0354	346.0528	418.18836	ArI
27	0510	0528	518.7789	415.85905	ArI
27	0710	0725	717.1476	413.17235	ThI